9,3,5.380041666666666,38.07716666666666,0.035017,1,20.0038,19.1209
9,1,5.3534999999999995,38.07033333333333,0.0,0,17.9645,17.6715
9,2,5.3635416666666655,38.10041666666666,0.0,-1,19.8713,20.364
9,4,5.391874999999999,38.09333333333333,0.036399,1,17.6608,17.061
12,4,8.664208333333333,39.578083333333325,0.01936,1,19.0978,18.6027
12,3,8.634624999999998,39.58119444444444,0.0,-1,19.3324,19.8569
12,2,8.605416666666665,39.58841666666666,0.0,-1,19.2699,18.7912
12,1,8.590666666666666,39.601722222222214,0.019557,1,17.5042,16.9746
244,2,149.90529166666664,13.695722222222221,0.0,-1,19.7312,19.4048
244,5,149.9348333333333,13.707777777777777,0.052058,1,19.9701,19.2205
244,4,149.9334583333333,13.712027777777775,0.0,-1,19.7434,19.919
244,3,149.91187499999998,13.71047222222222,0.0,0,19.6086,18.8642
244,1,149.90399999999997,13.711277777777775,0.050515,1,19.5266,18.6999
79,4,143.05533333333332,15.989888888888887,0.039894,1,19.6218,19.2116
79,3,143.04537499999998,15.988888888888887,0.0,0,18.3641,17.9056
79,2,143.0318333333333,15.998277777777776,0.040148,1,18.0179,17.7452
79,1,143.01641666666666,16.013749999999998,0.040354,1,19.5471,19.384
85,2,153.24379166666665,17.030916666666663,0.022,1,18.2807,17.7356
85,3,153.2554583333333,17.034333333333333,0.022012,1,17.6141,16.6857
85,1,153.2433333333333,17.05625,0.06559,0,19.5407,18.7946
85,4,153.27433333333332,17.043916666666664,0.022102,1,19.1427,18.5246
81,1,146.12516666666664,28.53441666666666,0.0,0,19.3833,19.1419
81,3,146.1390833333333,28.534388888888884,0.052644,0,19.3343,19.0806
81,2,146.12883333333332,28.54033333333333,0.098052,0,20.072,19.5636
81,4,146.16237499999997,28.54755555555555,0.0,0,19.974,19.9051
74,1,128.66233333333332,15.763499999999997,0.106065,1,20.134,20.3349
74,2,128.6678333333333,15.78622222222222,0.105406,1,19.1938,18.708
74,4,128.70616666666666,15.79772222222222,0.231664,0,19.777,19.5979
74,3,128.68416666666664,15.790749999999997,0.10596,1,20.1518,19.9021
278,7,115.51012499999999,16.808527777777776,0.0,-1,17.3001,17.6996
278,6,115.49745833333331,16.825444444444443,0.0,0,18.7801,18.2003
278,5,115.48820833333332,16.825027777777777,0.0,0,19.8613,21.199
278,4,115.47920833333332,16.83197222222222,0.0,-1,20.0733,19.3963
278,2,115.47154166666665,16.82886111111111,0.0,0,19.1374,18.9651
278,3,115.47437499999998,16.832666666666665,0.0,0,19.9631,19.5871
278,1,115.45891666666665,16.82886111111111,0.0,-1,20.049,19.6863
272,5,125.04508333333331,21.06930555555555,0.017462,1,19.5476,18.4295
272,2,124.99795833333332,21.054166666666664,0.091141,0,19.8709,20.0832
272,1,124.99508333333331,21.065666666666665,0.014046,0,17.6064,17.2186
272,3,125.00441666666664,21.075444444444443,0.0,0,19.7906,19.8031
272,4,125.02174999999998,21.075611111111108,0.0,-1,16.6002,17.0206
272,6,125.05579166666665,21.087916666666665,0.0,-1,19.7503,19.8824
241,5,142.03270833333332,26.492222222222217,0.042866,1,18.4314,17.9675
241,4,142.0260833333333,26.493527777777775,0.0,-1,20.2039,20.2237
241,1,142.00875,26.512666666666664,0.0,0,19.3812,18.9387
241,2,142.00995833333332,26.514861111111106,0.042212,1,18.6247,18.1834
241,3,142.01091666666665,26.51705555555555,0.042229,-1,19.2271,18.8951
77,2,137.1627083333333,30.878388888888885,0.06384,1,19.2267,18.9237
77,3,137.167625,30.88969444444444,0.0,-1,20.1497,20.6063
77,1,137.16145833333331,30.88969444444444,0.062972,1,19.5628,19.2453
77,4,137.1824583333333,30.89141666666666,0.063449,1,17.7566,17.3719
76,2,134.30058333333332,39.254749999999994,0.0,-1,20.0872,19.3049
76,3,134.32066666666665,39.26263888888889,0.095578,0,19.823,19.0635
76,4,134.34845833333333,39.267222222222216,0.028614,0,18.0901,17.6354
76,1,134.28549999999998,39.258083333333325,0.0,0,19.7883,19.7072
90,1,160.09762499999997,24.218249999999998,0.111183,0,19.8978,19.2629
90,3,160.10554166666665,24.228749999999998,0.04348,1,20.0607,19.7605
90,2,160.09966666666665,24.236916666666662,0.0,0,19.9081,19.713
90,4,160.11799999999997,24.234277777777773,0.043596,1,18.1698,17.7702
98,4,168.02024999999998,29.40144444444444,0.033857,1,19.4134,19.2809
98,3,168.00254166666664,29.40583333333333,0.048454,0,20.2534,19.6501
98,2,167.99849999999998,29.427777777777774,0.028823,0,18.7861,18.2085
98,1,167.9827083333333,29.43305555555555,0.0,0,20.1151,19.46
243,1,146.86512499999998,30.386249999999997,0.0,0,20.1122,20.1631
243,2,146.87533333333332,30.38916666666666,0.016952,1,18.3935,18.2981
243,3,146.88266666666664,30.398416666666662,0.017184,1,17.7311,17.6133
243,5,146.89312499999997,30.412249999999997,0.022343,1,19.8463,19.7857
243,4,146.88866666666664,30.43369444444444,0.110759,0,19.9435,19.4993
89,2,157.02074999999996,31.197083333333328,0.0,0,20.3297,20.0245
89,4,157.0344583333333,31.20680555555555,0.044971,0,19.636,19.0203
89,1,157.02070833333332,31.230388888888886,0.0,0,19.2632,18.8696
89,3,157.03054166666664,31.229722222222218,0.240906,-1,19.448,20.0023
88,4,155.96666666666664,33.40505555555555,0.124611,0,19.6482,19.3337
88,3,155.94270833333331,33.41394444444444,0.115493,1,19.9797,19.3224
88,2,155.93745833333332,33.41408333333333,0.11571,1,19.9572,19.8367
88,1,155.93029166666665,33.42044444444444,0.0,0,20.2554,20.4262
87,1,155.61987499999998,36.56502777777777,0.0,0,20.2911,20.5993
87,3,155.6260833333333,36.591277777777776,0.106861,0,19.9136,19.7667
87,4,155.6328333333333,36.58719444444444,0.026164,1,19.8002,19.3193
87,2,155.62533333333332,36.59952777777777,0.026795,1,18.2078,17.8607
99,1,168.41345833333332,39.33544444444444,0.10736,0,19.673,18.9552
99,3,168.436875,39.327999999999996,0.066876,0,18.9919,18.595
99,2,168.42866666666663,39.33377777777777,0.0,0,18.8426,18.7951
99,4,168.45549999999997,39.34638888888888,0.07595,1,19.8436,19.4953
102,3,170.53041666666664,42.79180555555555,0.071663,1,19.4322,18.8617
102,4,170.53337499999998,42.799861111111106,0.071649,1,18.7588,18.3897
102,1,170.4999583333333,42.80205555555555,0.0,0,20.3199,20.4746
102,2,170.51304166666665,42.8201111111111,0.0,-1,17.2687,16.661
92,3,161.58654166666665,43.019999999999996,0.074186,1,18.6429,18.1421
92,1,161.57504166666664,43.021694444444435,0.074386,1,17.8693,17.4327
92,4,161.6104583333333,43.019499999999994,0.073935,1,18.9124,18.4313
92,2,161.58229166666663,43.03480555555555,0.0,0,19.689,19.3298
94,2,162.99891666666664,45.59366666666666,0.130707,1,19.8936,19.4203
94,1,162.98862499999998,45.60755555555555,0.131261,1,19.8974,19.8669
94,3,163.009,45.59083333333333,0.0,0,20.1448,19.4311
94,4,163.03004166666665,45.606444444444435,0.0,0,20.1652,20.228
103,3,170.6800833333333,46.85527777777777,0.053068,1,18.7206,18.4972
103,1,170.67320833333332,46.87527777777777,0.053893,1,20.1214,19.2872
103,2,170.67795833333332,46.87608333333333,0.0,0,20.2315,19.4011
103,4,170.69137499999997,46.89108333333333,0.053545,1,19.4707,19.2903
111,1,178.45149999999998,51.01188888888888,0.065244,0,19.075,18.4935
111,2,178.4619583333333,51.031611111111104,0.078598,1,19.2952,18.6614
111,4,178.48958333333331,51.047999999999995,0.126289,0,19.8802,19.2041
111,3,178.4815833333333,51.05644444444444,0.0,0,20.1815,19.8835
80,1,145.41629166666664,37.11713888888888,0.050991,0,19.2339,18.894
80,4,145.46954166666666,37.09694444444444,0.0,-1,20.0569,19.421
80,3,145.45554166666665,37.113638888888886,0.09693,0,20.1062,19.743
80,2,145.43412499999997,37.122833333333325,0.0,0,20.1809,20.0377
83,2,152.019625,42.93194444444444,0.073963,0,20.3049,19.5788
83,3,152.03866666666664,42.94938888888888,0.0,0,18.7364,18.4047
83,4,152.07074999999998,42.9466111111111,0.0,0,20.0622,19.7244
83,1,152.00662499999999,42.95766666666666,0.0,-1,20.2331,19.5977
106,1,173.83087499999996,54.94977777777777,0.060588,0,18.8622,18.6836
106,3,173.85962499999997,54.95972222222221,0.054225,1,19.1092,18.759
106,2,173.85341666666665,54.96341666666666,0.055501,1,19.5485,19.0667
106,4,173.88062499999998,54.9806111111111,0.0,0,20.101,20.0384
110,4,178.39579166666664,58.121222222222215,0.06371,1,18.6576,18.3315
110,3,178.36004166666663,58.11224999999999,0.06456,-1,19.7324,19.2437
110,1,178.3423333333333,58.13283333333332,0.065903,1,19.3932,18.8232
110,2,178.3504583333333,58.131833333333326,0.065955,1,20.0499,19.4929
86,1,154.59291666666664,49.84188888888888,0.0,0,20.3477,20.4544
86,3,154.617125,49.84541666666666,0.140841,0,20.0075,19.1592
86,4,154.64741666666666,49.85997222222222,0.148973,0,19.6021,19.4955
86,2,154.606125,49.85394444444444,0.0,0,19.7013,19.7633
82,4,151.73749999999998,53.42605555555555,0.0,-1,20.2857,20.2501
82,1,151.68058333333332,53.42694444444444,0.043871,1,18.8479,18.7368
82,2,151.71174999999997,53.43744444444444,0.047626,1,19.2345,18.9473
82,3,151.7219583333333,53.46124999999999,0.0,-1,19.4811,19.3911
73,2,123.21074999999998,47.41633333333333,0.0,0,19.4123,19.3917
73,3,123.21187499999998,47.42466666666666,0.0,-1,19.574,19.7176
73,4,123.24633333333331,47.423111111111105,0.0,0,19.2158,19.369
73,1,123.20866666666664,47.442833333333326,0.03947,0,17.5178,17.2133
240,5,135.26954166666664,45.443055555555546,0.0,-1,20.1363,20.244
240,1,135.25033333333332,45.43816666666666,0.051464,1,18.5979,18.1778
240,4,135.25904166666666,45.46155555555555,0.0,0,19.8868,19.4629
240,2,135.257625,45.475138888888885,0.051382,1,20.1741,19.7159
240,3,135.25879166666664,45.488944444444435,0.052465,1,19.8904,19.3925
78,3,139.94845833333332,55.56830555555555,0.0,0,19.9815,19.7047
78,4,139.97120833333332,55.57827777777777,0.047727,1,18.8992,19.0725
78,2,139.93599999999998,55.59247222222221,0.0,-1,19.2353,19.2044
78,1,139.90033333333332,55.57941666666666,0.049199,1,18.2166,17.7439
242,4,144.13570833333333,59.37705555555555,0.0,0,19.4768,18.8875
242,2,144.13241666666664,59.39824999999999,0.040361,1,17.1779,16.634
242,3,144.13275,59.405222222222214,0.041135,1,18.6016,18.3337
242,5,144.1559583333333,59.41277777777777,0.040917,1,19.8282,19.0339
242,1,144.10879166666663,59.41658333333333,0.040496,1,18.733,18.5688
84,3,152.65699999999998,64.19427777777777,0.0,-1,17.6788,17.987
84,2,152.6524583333333,64.21194444444444,0.039536,0,18.7855,18.2764
84,1,152.64662499999997,64.22299999999998,0.0,0,19.0533,18.7823
84,4,152.66145833333331,64.22605555555555,0.0,0,18.3719,18.0486
164,1,226.2574583333333,8.709527777777776,0.07397,1,18.9671,18.0069
164,3,226.27416666666664,8.716944444444444,0.073949,1,19.8088,19.8926
164,2,226.27129166666663,8.731388888888887,0.0,0,19.9005,20.3944
164,4,226.28645833333331,8.741333333333332,0.0,0,19.5224,19.4263
160,2,219.6975833333333,9.030999999999999,0.0,0,19.4261,18.9803
160,3,219.71541666666664,9.046972222222221,0.030822,1,19.0701,18.6646
160,4,219.73079166666665,9.055055555555555,0.086179,0,19.2198,18.3777
160,1,219.69145833333332,9.040944444444444,0.030605,1,20.192,20.1538
159,2,219.22087499999998,12.139222222222221,0.0,0,20.2381,19.6285
159,3,219.2427083333333,12.168305555555554,0.055027,1,19.4488,18.7914
159,4,219.2653333333333,12.176416666666665,0.188742,-1,19.568,19.5384
159,1,219.22066666666663,12.161277777777777,0.054808,1,19.4267,19.203
257,2,233.28849999999997,12.870805555555554,0.0,0,19.7022,18.989
257,4,233.30004166666663,12.879083333333332,0.0,0,19.8002,19.7499
257,5,233.3174583333333,12.890166666666666,0.053224,1,19.3514,18.7104
257,3,233.29591666666664,12.879888888888887,0.05246,1,19.4412,18.9108
257,1,233.2734583333333,12.877833333333331,0.068338,0,19.6416,19.0257
176,2,238.37724999999998,20.953444444444443,0.026964,0,19.4911,18.763
176,1,238.3663333333333,20.96769444444444,0.01876,1,18.4091,18.2403
176,4,238.38412499999995,20.96372222222222,0.0,-1,18.2901,18.2047
176,3,238.37862499999997,20.983777777777775,0.018608,1,17.5006,17.2722
256,1,211.83816666666664,12.694694444444442,0.139371,1,20.1227,20.0717
256,3,211.84929166666663,12.709277777777777,0.139811,1,19.8698,19.207
256,2,211.83933333333331,12.71958333333333,0.0,0,20.1648,18.8291
256,4,211.85554166666662,12.721249999999998,0.0,0,20.1372,19.8623
256,5,211.87454166666663,12.735222222222221,0.022959,0,18.2255,17.9667
144,1,206.36641666666665,18.201111111111107,0.5019,-1,19.5417,18.8992
144,4,206.3910833333333,18.230777777777774,0.081961,0,20.0602,19.5641
144,2,206.37429166666664,18.22219444444444,0.119112,0,20.1542,19.4218
144,3,206.37824999999998,18.238444444444443,0.0,0,18.6948,18.3
147,1,207.32449999999997,21.678972222222217,0.062163,0,18.4422,17.9061
147,2,207.3303333333333,21.683361111111108,0.0,0,20.1404,19.9103
147,4,207.36154166666662,21.692499999999995,0.641,-1,19.916,19.2386
147,3,207.34774999999996,21.697777777777773,0.0,0,20.0254,19.8594
155,4,213.23804166666665,23.31819444444444,0.05979,1,19.8528,19.5336
155,3,213.22937499999998,23.337027777777774,0.0,0,20.019,20.6068
155,2,213.22587499999997,23.337861111111106,0.059665,1,20.09,19.5543
155,1,213.21549999999996,23.332638888888887,0.0,0,20.1858,19.4411
152,4,211.21741666666665,24.17244444444444,0.0,0,20.2189,20.2418
152,1,211.1787083333333,24.185722222222218,0.0,0,20.2866,20.8117
152,3,211.20349999999996,24.181972222222218,0.062505,1,20.1625,19.3021
152,2,211.18866666666665,24.192749999999997,0.061681,1,19.9119,19.6588
151,2,210.97454166666662,26.360888888888883,0.088637,1,20.0501,20.1421
151,1,210.97224999999997,26.366777777777774,0.0,0,19.6928,19.7824
151,3,210.98341666666664,26.372249999999998,0.0,0,19.7898,19.9987
151,4,210.9935833333333,26.393277777777776,0.088984,1,19.4823,19.0106
156,1,215.1428333333333,26.844611111111107,0.071671,0,19.4817,19.3003
156,4,215.1702083333333,26.85894444444444,0.0,0,18.6547,18.8096
156,3,215.1648333333333,26.863777777777774,0.036572,0,17.2891,16.8706
156,2,215.14866666666663,26.86547222222222,0.0,0,19.8669,20.0073
162,4,222.73412499999998,21.73655555555555,0.070224,0,20.0333,19.2583
162,3,222.72112499999997,21.74683333333333,0.059624,0,19.5421,18.824
162,2,222.6978333333333,21.755666666666663,0.0,0,20.2229,20.1447
162,1,222.68379166666662,21.75436111111111,0.0,0,19.8303,20.1727
168,4,228.18754166666665,26.580166666666663,0.033404,1,19.7751,19.6437
168,1,228.1467083333333,26.561138888888884,0.0,-1,18.9182,17.9217
168,2,228.15541666666664,26.576027777777774,0.032967,1,19.4463,19.3007
168,3,228.17016666666663,26.57483333333333,0.0,0,18.7806,18.579
165,4,226.90991666666665,28.81397222222222,0.05849,1,20.2269,20.4968
165,3,226.8910833333333,28.827777777777772,0.0,-1,18.5218,18.9242
165,2,226.87774999999996,28.847416666666664,0.0,-1,17.7761,17.7584
165,1,226.85687499999997,28.847166666666663,0.05809,1,19.7947,19.8993
170,4,230.19874999999996,30.45541666666666,0.081006,1,19.9709,19.1758
170,3,230.1780833333333,30.46169444444444,0.080169,1,20.0762,19.5989
170,2,230.15929166666663,30.471638888888883,0.031084,0,17.7717,17.3687
170,1,230.15729166666662,30.47847222222222,0.0,-1,20.1987,19.935
157,4,215.51749999999998,28.86672222222222,0.0354,1,19.5114,19.5162
157,3,215.5028333333333,28.86433333333333,0.029579,1,19.8143,19.2128
157,2,215.50137499999997,28.86633333333333,0.0,-1,18.6792,18.4977
157,1,215.50033333333332,28.86858333333333,0.0,0,19.4943,18.9372
158,4,216.55354166666663,29.694611111111108,0.058862,1,18.6705,18.2352
158,3,216.5488333333333,29.714888888888886,0.08677,0,20.061,19.8562
158,1,216.5360833333333,29.726666666666663,0.059246,1,19.4374,19.0977
158,2,216.54524999999998,29.74558333333333,0.05853,1,20.0103,19.5438
178,4,241.18979166666662,26.62197222222222,0.118332,1,19.9147,19.8916
178,2,241.15841666666662,26.616277777777775,0.086508,0,19.3983,19.4487
178,1,241.14699999999996,26.63030555555555,0.0,0,19.5959,19.4865
178,3,241.1724583333333,26.626388888888886,0.117894,1,19.8919,19.652
177,1,238.6549583333333,30.105416666666663,0.085506,1,19.7042,19.4112
177,4,238.6870833333333,30.13394444444444,0.0,-1,20.0621,20.0357
177,2,238.65949999999998,30.124666666666663,0.080229,1,19.011,18.7481
177,3,238.67079166666664,30.13508333333333,0.0,0,19.4057,18.9346
260,1,259.11837499999996,39.06008333333333,0.0,0,20.0331,19.3654
260,3,259.1450833333333,39.06891666666666,0.0,0,19.3217,18.9083
260,4,259.155,39.08955555555555,0.0,-1,18.8137,18.9011
260,5,259.1655416666666,39.10538888888888,0.0,0,17.7167,17.3725
260,2,259.1367916666666,39.115916666666664,0.0,0,19.8265,19.6654
182,3,249.92329166666664,39.51633333333333,0.0,0,19.5682,19.2617
182,1,249.90529166666664,39.514222222222216,0.031138,1,20.1861,19.5836
182,2,249.91549999999995,39.53874999999999,0.029789,1,19.8951,19.3225
182,4,249.93199999999996,39.54208333333333,0.029917,1,19.409,18.9827
175,1,237.70824999999996,34.077,0.053147,1,18.9516,18.0859
175,2,237.7282083333333,34.08347222222222,0.052782,1,18.8173,18.247
175,3,237.74074999999996,34.10241666666666,0.052033,1,17.7242,17.3616
175,4,237.74862499999998,34.12338888888888,0.114745,0,19.9876,19.5741
180,3,244.45362499999996,41.869249999999994,0.081281,0,19.3915,18.9987
180,2,244.44724999999997,41.89352777777777,0.02509,0,18.7619,18.6417
180,1,244.4199583333333,41.89894444444444,0.060512,1,19.8474,19.5405
180,4,244.45554166666662,41.90944444444444,0.0,-1,17.9477,17.4953
167,3,227.77754166666662,39.46422222222222,0.0574,1,19.1353,18.8269
167,1,227.7603333333333,39.46525,0.556054,-1,19.8399,19.3276
167,4,227.7835833333333,39.481583333333326,0.057799,1,19.9612,19.1757
167,2,227.76299999999998,39.495083333333326,0.0,0,19.6775,19.6857
174,4,236.47029166666664,44.26288888888888,0.039973,0,17.894,17.5367
174,2,236.44237499999997,44.2486111111111,0.034687,1,17.1157,16.6724
174,1,236.43574999999996,44.26372222222221,0.034178,1,18.7445,18.4053
174,3,236.4563333333333,44.26091666666666,0.0,0,20.1647,20.2879
259,3,249.4149583333333,54.961861111111105,0.0,0,19.7578,19.8874
259,2,249.40804166666663,54.96777777777777,0.0,0,20.2899,20.1355
259,5,249.45549999999997,54.9808611111111,0.0,0,17.8527,17.5197
259,4,249.42916666666665,54.985722222222215,0.0,0,19.5528,19.0677
259,1,249.38691666666662,54.98213888888888,0.0,0,20.2511,19.925
179,4,244.21741666666662,56.328305555555545,0.0,0,19.6658,18.9715
179,3,244.1968333333333,56.34116666666666,0.0,0,20.0932,19.9679
179,2,244.18879166666665,56.35388888888888,0.0,0,19.4986,18.9584
179,1,244.17137499999995,56.36908333333333,0.0,-1,19.0516,19.1474
146,4,206.88020833333331,32.50658333333333,0.131022,1,19.7416,19.1363
146,2,206.86337499999996,32.50566666666666,0.0,0,20.2816,20.8057
146,3,206.86679166666664,32.524249999999995,0.087133,0,19.1758,18.7933
146,1,206.85041666666663,32.53352777777777,0.13067,1,19.8933,19.5798
129,2,197.18408333333332,28.88319444444444,0.264,0,20.0177,20.2665
129,4,197.2115833333333,28.886305555555552,0.079628,0,19.4403,18.7176
129,3,197.19383333333332,28.87966666666666,0.060895,0,18.8495,18.3498
129,1,197.18199999999996,28.890777777777775,0.0612,0,19.5608,19.1073
130,4,197.49149999999997,30.41694444444444,0.050618,1,19.9385,19.0712
130,3,197.4832083333333,30.421527777777772,0.0,0,18.4662,18.1993
130,2,197.4724583333333,30.42830555555555,0.0,0,19.7953,19.5585
130,1,197.45291666666665,30.42933333333333,0.05061,1,19.3669,19.2267
248,2,195.01466666666664,33.39330555555555,0.921241,-1,20.1477,19.2885
248,5,195.05441666666664,33.43433333333333,0.0,-1,19.1092,19.6711
248,3,195.02291666666665,33.41605555555555,0.0,0,19.7408,20.1739
248,4,195.03399999999996,33.437638888888884,0.023498,0,18.9123,18.8364
248,1,195.01162499999998,33.45222222222222,0.0,0,20.3002,19.9071
138,2,202.01579166666664,31.91355555555555,0.063712,0,20.1708,20.1924
138,4,202.02804166666664,31.93183333333333,0.015757,0,18.9578,18.4032
138,3,202.01841666666664,31.953638888888886,0.0,0,19.5786,19.5018
138,1,202.0120833333333,31.95933333333333,0.038434,1,20.186,19.0856
141,3,203.68629166666665,33.89088888888888,0.023199,0,19.7259,18.4903
141,2,203.68016666666665,33.89077777777777,0.0,-1,19.2673,18.4521
141,1,203.67816666666664,33.90294444444444,0.0,0,20.1272,20.2409
141,4,203.71441666666664,33.88930555555555,0.050689,0,20.1092,19.6137
136,2,199.71774999999997,33.53955555555555,0.038,0,18.8518,18.5336
136,3,199.72979166666664,33.550999999999995,0.0,0,19.194,18.9237
136,4,199.7429583333333,33.56005555555555,0.0,0,20.0335,20.0162
136,1,199.69841666666665,33.53088888888888,0.104214,0,19.9382,19.4749
137,2,200.1959583333333,34.19275,0.064619,0,19.4901,19.0109
137,3,200.21654166666664,34.199305555555554,0.118531,0,20.075,19.5292
137,4,200.23849999999996,34.21355555555555,0.111414,0,19.2204,19.0088
137,1,200.17091666666664,34.18433333333333,0.064273,0,19.0089,18.6574
250,4,202.98962499999996,37.427388888888885,0.054753,1,19.7669,19.2542
250,5,202.99091666666664,37.45069444444444,0.0,0,20.1917,20.2636
250,2,202.96424999999996,37.46547222222222,0.0,-1,20.0951,18.0499
250,3,202.98149999999998,37.46833333333333,0.0,0,20.084,19.6415
250,1,202.93974999999998,37.47416666666666,0.056682,1,19.8138,19.5202
153,2,211.68491666666662,47.267222222222216,0.059873,0,20.1565,19.1321
153,1,211.68266666666665,47.27452777777777,0.0,0,20.2854,20.325
153,4,211.70249999999996,47.286138888888885,0.0,-1,20.192,19.9578
153,3,211.68816666666663,47.292472222222216,0.0,0,20.1991,19.8704
124,2,191.2644583333333,35.622722222222215,0.0,0,19.2146,20.3381
124,3,191.2710833333333,35.64424999999999,0.0,0,19.1045,19.9318
124,1,191.2624583333333,35.65080555555555,0.0,0,18.9682,20.0243
124,4,191.27329166666664,35.66419444444444,0.0,0,20.1127,20.9793
119,4,186.99191666666664,36.367194444444436,0.0,-1,19.3614,19.3138
119,3,186.9813333333333,36.36280555555555,0.0,-1,20.2723,20.0056
119,1,186.9567083333333,36.34913888888888,0.033811,1,19.0195,18.7947
119,2,186.96562499999996,36.36494444444444,0.033885,1,18.2484,18.193
128,2,196.74070833333332,40.021388888888886,0.074735,1,19.1851,18.8654
128,3,196.74674999999996,40.02555555555555,0.0,0,20.0251,19.9904
128,4,196.75716666666665,40.025388888888884,0.075013,1,19.6762,19.3157
128,1,196.7338333333333,40.035,0.0,0,19.693,19.3617
127,3,196.26949999999997,40.74791666666666,0.035218,1,18.1951,17.787
127,4,196.28162499999996,40.755444444444436,0.035248,1,20.0173,19.839
127,2,196.2628333333333,40.76463888888888,0.056874,0,18.4059,17.8313
127,1,196.24624999999997,40.777472222222215,0.0,0,20.3218,20.3048
120,2,187.32008333333332,38.93655555555555,0.0,-1,20.3131,20.1378
120,1,187.2919583333333,38.93124999999999,0.052832,0,19.8534,19.5216
120,4,187.32404166666663,38.946999999999996,0.0,0,20.049,19.8367
120,3,187.3215,38.954583333333325,0.0,0,20.2525,20.9044
247,2,182.17316666666665,41.076249999999995,0.100144,1,19.6,19.391
116,4,183.79241666666664,41.24408333333333,0.0,0,19.7118,20.2832
116,2,183.78974999999997,41.26852777777777,0.037826,0,19.8198,19.8352
116,3,183.7917083333333,41.28788888888889,0.098972,0,19.3691,19.1141
116,1,183.7737083333333,41.29449999999999,0.0,0,20.2449,20.2041
115,4,183.45837499999996,42.75249999999999,0.099166,0,20.1714,19.44
115,3,183.44574999999998,42.76102777777777,0.0,0,19.5387,19.7916
115,1,183.4327083333333,42.77730555555555,0.110488,0,19.7189,19.6491
115,2,183.44374999999997,42.779083333333325,0.0,0,20.2189,19.6936
247,1,182.14862499999998,41.08991666666666,0.096064,0,20.3437,19.7184
247,4,182.18287499999997,41.10236111111111,0.101871,1,19.6486,19.2979
247,3,182.17741666666663,41.10063888888888,0.0,-1,20.0737,20.6393
247,5,182.19149999999996,41.12169444444444,0.0,0,19.8436,20.1506
114,2,182.53466666666665,44.65216666666666,0.022862,0,20.3218,20.1495
114,4,182.5598333333333,44.66624999999999,0.065983,0,18.419,18.0008
114,3,182.53745833333332,44.67813888888888,0.069837,0,18.6932,18.4012
114,1,182.50391666666664,44.66063888888888,0.022866,0,19.482,19.1721
274,1,185.28099999999998,49.439361111111104,0.0,-1,20.2621,19.9633
274,5,185.33683333333332,49.443749999999994,0.05513,0,19.4002,19.2435
274,6,185.33791666666664,49.464611111111104,0.040539,0,19.6009,19.1365
274,3,185.29604166666664,49.457833333333326,0.0,0,18.9889,18.79
274,4,185.3062083333333,49.474999999999994,0.045464,1,19.2104,18.7238
274,2,185.28349999999998,49.4761111111111,0.045246,1,19.0698,18.9493
131,2,198.00541666666663,59.832361111111105,0.0,0,20.2,20.1072
131,1,197.98224999999996,59.8301111111111,0.07696,1,19.4814,19.2098
131,4,198.0438333333333,59.82708333333333,0.0,-1,19.4928,19.3441
131,3,198.0282083333333,59.83230555555555,0.076839,1,19.5906,19.4031
123,2,190.3610833333333,52.79916666666666,0.0,0,20.3519,20.178
123,3,190.37004166666665,52.812861111111104,0.054238,1,19.2657,18.9509
123,4,190.39512499999998,52.81069444444444,0.054624,1,18.9729,18.6189
123,1,190.32316666666665,52.796611111111105,0.033051,0,20.3207,19.851
169,4,228.5970833333333,46.097694444444436,0.063526,0,19.7775,19.334
169,3,228.5878333333333,46.112138888888886,0.036936,1,19.0531,18.7939
169,1,228.5627083333333,46.11727777777777,0.03661,1,19.6041,18.9347
169,2,228.5660833333333,46.12199999999999,0.036942,1,19.3752,19.0258
163,2,224.67124999999996,53.85847222222221,0.02624,1,18.0524,17.5941
163,3,224.67937499999996,53.88116666666666,0.0,-1,18.1784,17.5764
163,4,224.7054583333333,53.871444444444435,0.076859,0,20.2628,20.0322
163,1,224.66637499999996,53.88572222222221,0.011124,0,19.6809,17.7955
173,3,235.79562499999997,53.20341666666666,0.0,0,19.5326,19.738
173,4,235.81899999999996,53.23094444444444,0.04402,1,19.5335,18.6836
173,2,235.7917083333333,53.22480555555555,0.0,0,19.8521,19.7229
173,1,235.7849583333333,53.24658333333333,0.041825,1,19.6833,19.5677
254,2,210.9403333333333,54.18674999999999,0.0,0,18.9536,18.5715
254,1,210.9190833333333,54.1873611111111,0.0,0,20.2763,19.6688
254,3,210.98074999999997,54.180722222222215,0.0,-1,20.3685,20.0338
254,4,211.01199999999997,54.18527777777777,0.0,0,20.0113,20.0524
254,5,211.0192083333333,54.1858611111111,0.0,0,20.3854,20.0684
255,1,211.02537499999997,54.24941666666666,0.0,0,18.6296,18.5651
255,2,211.0340833333333,54.25388888888888,0.0,-1,19.7416,19.6378
255,3,211.04029166666663,54.25727777777777,0.0,0,19.4714,18.2335
255,4,211.04299999999998,54.25908333333333,0.0,0,19.6403,18.9779
255,5,211.0670833333333,54.26588888888888,0.0,0,18.2289,18.2013
150,4,210.5997083333333,54.487111111111105,0.0,0,20.2178,20.616
150,3,210.57787499999998,54.47827777777777,0.0,0,20.1621,21.3076
150,2,210.5702083333333,54.49247222222221,0.0,0,20.0612,20.2638
150,1,210.56916666666663,54.50249999999999,0.0,-1,19.7241,19.6256
161,1,220.75529166666664,61.30477777777777,0.049414,1,19.9069,19.6595
161,3,220.77241666666663,61.3106111111111,0.047961,1,17.5132,17.1291
161,4,220.7840833333333,61.32074999999999,0.049216,1,19.4616,18.6633
161,2,220.76049999999998,61.3171111111111,0.0,-1,20.117,17.7926
166,4,227.30616666666663,61.93663888888888,0.107445,1,19.8586,19.6141
166,3,227.2729583333333,61.933583333333324,0.107855,1,19.5449,19.2855
166,1,227.24174999999997,61.947222222222216,0.732505,-1,20.2673,19.3668
166,2,227.2625833333333,61.95244444444444,0.0,0,20.191,19.9925
261,2,267.46099999999996,68.38630555555555,0.0509,1,19.0448,17.879
261,1,267.45016666666663,68.40041666666666,0.0522,1,18.7597,18.2468
261,3,267.47774999999996,68.40744444444444,0.051225,1,17.227,16.5201
261,4,267.51991666666663,68.41397222222221,0.0,0,19.8416,19.0851
261,5,267.5484583333333,68.4186111111111,0.0,-1,19.6881,19.6086
118,3,184.9332083333333,65.10183333333332,0.081962,1,19.7028,19.4536
118,1,184.9050833333333,65.09141666666666,0.09687,0,20.1049,19.5411
118,4,184.96879166666665,65.10222222222221,0.064587,0,19.3906,18.8135
118,2,184.9189583333333,65.12308333333333,0.0,0,19.981,20.0491
142,4,203.93391666666665,80.50505555555554,0.0503,0,18.8245,18.4119
142,3,203.92349999999996,80.511,0.0502,0,18.8424,18.0285
142,2,203.84116666666665,80.52683333333333,0.0694,0,19.507,19.0242
142,1,203.80299999999997,80.5283611111111,0.0701,0,19.0238,18.52
197,2,332.25637499999993,17.82108333333333,0.045558,1,18.2208,17.5167
197,4,332.27824999999996,17.82661111111111,0.0,-1,19.3201,18.8349
197,3,332.26079166666665,17.838555555555555,0.045078,1,17.7655,17.2434
197,1,332.24724999999995,17.839027777777776,0.0,-1,19.9722,19.3904
8,3,4.668374999999999,-35.970611111111104,0.0,0,19.2551,19.3563
8,4,4.668958333333332,-35.95488888888888,0.0,0,20.121,19.6526
8,2,4.658499999999999,-35.94580555555555,0.012839,1,18.2302,17.6385
8,1,4.653999999999999,-35.939388888888885,0.013066,1,17.2129,16.8825
215,4,352.38899999999995,-32.4481111111111,0.1247,1,19.9494,19.4422
215,1,352.36699999999996,-32.44761111111111,0.1242,1,19.5062,19.1521
215,2,352.3709999999999,-32.42730555555555,0.1241,1,20.262,20.067
215,3,352.37199999999996,-32.40819444444444,0.1256,1,19.5692,19.2517
222,1,356.07699999999994,-26.039888888888886,0.0653,1,19.9799,19.2916
222,4,356.11799999999994,-26.039611111111107,0.0473,0,18.217,17.6603
222,3,356.0969999999999,-26.033999999999995,0.0656,1,19.9911,20.0298
222,2,356.0799999999999,-26.016999999999996,0.064852,1,18.6487,18.0912
1,4,0.11174999999999999,-22.595805555555554,0.0,0,20.0727,19.8536
1,3,0.10020833333333332,-22.588805555555552,0.0,0,19.3392,19.222
1,2,0.09112499999999998,-22.587888888888887,0.0,0,20.2043,19.9377
1,1,0.07908333333333332,-22.575888888888887,0.0,0,20.2714,19.9779
226,4,359.87499999999994,-20.402305555555554,0.0,0,19.6431,19.0418
226,3,359.86699999999996,-20.395388888888885,0.0,-1,18.3618,17.9465
226,2,359.85799999999995,-20.38669444444444,0.0,0,18.5237,18.343
226,1,359.83799999999997,-20.388111111111108,0.0,0,19.5906,19.1617
19,1,12.852083333333331,-23.22669444444444,0.0,0,19.4132,19.3993
19,4,12.872416666666664,-23.213388888888886,0.0,0,19.7274,19.6446
19,2,12.858999999999998,-23.213694444444442,0.0,0,19.6159,19.2864
19,3,12.863499999999998,-23.208805555555553,0.0,-1,18.9977,19.3121
11,4,7.835583333333332,-25.497888888888884,0.0,0,19.6921,19.465
11,1,7.791208333333333,-25.497888888888884,0.0931,1,20.3529,20.0032
11,3,7.812999999999999,-25.495388888888886,0.0928,1,20.3353,20.1727
11,2,7.797374999999999,-25.490611111111107,0.0,0,18.4966,18.1406
15,2,9.470249999999998,-25.09069444444444,0.0,-1,18.4833,18.0498
15,3,9.489708333333333,-25.074611111111107,0.063567,1,19.5779,19.1035
15,1,9.469416666666666,-25.062694444444443,0.066176,1,19.9278,19.538
15,4,9.496875,-25.058194444444442,0.059258,0,19.9986,19.2723
23,1,15.55470833333333,-17.22180555555555,0.0,0,19.5694,18.7211
23,2,15.560999999999998,-17.20488888888889,0.067744,0,18.8116,18.6534
23,3,15.576208333333332,-17.192999999999998,0.0,-1,20.0911,20.0752
23,4,15.593916666666665,-17.185888888888886,0.0,0,20.1855,19.3013
228,5,6.365333333333332,-21.67208333333333,0.0,0,20.2963,19.878
228,4,6.348874999999999,-21.665027777777773,0.0,0,19.7988,19.7559
228,1,6.336583333333333,-21.64469444444444,0.0,0,19.2838,18.7311
228,2,6.342083333333332,-21.63058333333333,0.0,0,20.2633,20.2829
228,3,6.342416666666666,-21.625194444444443,0.0,0,19.5901,19.4492
5,4,3.5619999999999994,-22.57280555555555,0.0,0,19.9073,19.6148
5,3,3.538958333333333,-22.567999999999998,0.0,0,20.1528,19.8885
5,1,3.517666666666666,-22.55269444444444,0.0,0,20.2563,20.0467
5,2,3.5317499999999993,-22.56311111111111,0.0,0,19.9924,19.2451
10,4,5.687166666666666,-20.588499999999996,0.051799,0,18.0196,17.6902
10,3,5.6745416666666655,-20.584194444444442,0.0,0,19.2006,18.836
10,1,5.653458333333332,-20.570888888888884,0.0,0,20.2911,19.5066
10,2,5.664791666666666,-20.565111111111108,0.0,-1,19.9904,19.0567
18,4,12.31220833333333,-18.31611111111111,0.159397,0,20.224,19.5631
18,2,12.292916666666665,-18.307694444444444,0.0,0,19.9654,19.8071
18,1,12.279291666666666,-18.286694444444443,0.0,0,18.8121,18.2868
18,3,12.295208333333331,-18.270305555555552,0.0,-1,19.5403,18.8994
21,1,13.207416666666665,-13.29311111111111,0.0,0,20.1394,20.1079
21,2,13.21920833333333,-13.281194444444443,0.0,0,19.6878,19.2687
21,3,13.231916666666665,-13.285388888888887,0.0,0,19.4611,19.0335
21,4,13.253291666666664,-13.278999999999998,0.0,0,19.3364,19.0518
221,2,355.90199999999993,-22.463888888888885,0.0,0,18.4048,18.2761
221,1,355.88399999999996,-22.468111111111106,0.0,0,20.1459,19.6881
221,3,355.90899999999993,-22.45069444444444,0.0,0,20.1978,19.9818
221,4,355.90999999999997,-22.433305555555553,0.0,-1,20.294,19.5006
212,4,345.388,-20.05419444444444,0.0,0,20.1697,19.8707
212,3,345.37799999999993,-20.050388888888886,0.0,0,19.9791,19.7805
212,1,345.36299999999994,-20.036999999999995,0.0,0,20.1993,19.635
212,2,345.36499999999995,-20.030499999999996,0.0,0,20.1518,19.4692
210,2,343.53,-18.166888888888888,0.0,0,19.5058,19.6169
210,3,343.54699999999997,-18.159499999999998,0.0,0,19.6361,19.4685
210,4,343.57099999999997,-18.156805555555554,0.0323,0,19.6701,19.1179
210,1,343.53,-18.145194444444442,0.0,-1,19.6201,18.6745
265,4,359.0409166666666,-17.247777777777774,0.0,0,20.201,19.9329
265,3,359.03799999999995,-17.246777777777776,0.0,0,20.161,19.5574
265,5,359.047875,-17.22572222222222,0.0,0,19.4011,19.1912
265,1,359.01333333333326,-17.24672222222222,0.0,0,18.4114,18.231
265,2,359.03324999999995,-17.229249999999997,0.0,0,20.2869,19.7937
14,3,9.432541666666665,-9.06486111111111,0.076528,1,19.6591,18.8842
14,4,9.435374999999999,-9.058944444444442,0.0,0,19.5423,19.0821
14,2,9.420958333333331,-9.056194444444444,0.07588,1,20.0736,19.5307
14,1,9.413291666666666,-9.046555555555555,0.077266,1,18.8397,18.909
217,2,353.16999999999996,-13.223194444444443,0.0,0,19.2384,19.1008
217,1,353.16599999999994,-13.223499999999998,0.0,0,19.9529,19.9654
217,3,353.17599999999993,-13.200499999999998,0.0,0,19.6904,19.2594
217,4,353.1809999999999,-13.189305555555555,0.0,0,20.1626,19.4816
220,1,355.71299999999997,-13.068499999999998,0.0,0,19.5558,19.717
220,3,355.72799999999995,-13.060305555555553,0.0,0,19.8577,20.3807
220,2,355.71799999999996,-13.056194444444442,0.0,0,19.5452,19.0453
220,4,355.7339999999999,-13.048888888888888,0.0,-1,19.4964,19.3503
37,4,27.058999999999997,-15.132388888888887,0.0,0,19.8659,19.8355
37,2,27.04779166666666,-15.126499999999998,0.0,0,20.1471,19.7106
37,3,27.05870833333333,-15.107694444444443,0.0,0,20.1954,19.9276
37,1,27.03220833333333,-15.116388888888887,0.0,0,19.5762,19.4927
229,1,26.549791666666664,-7.349666666666666,0.0,0,20.2602,20.4632
229,2,26.57383333333333,-7.343472222222221,0.0,0,20.0035,19.6814
229,5,26.59841666666666,-7.340166666666666,0.0,0,20.0652,20.0331
229,3,26.589749999999995,-7.324388888888888,0.0,0,17.6716,17.408
229,4,26.590041666666664,-7.29961111111111,0.0,-1,20.249,19.331
30,3,21.16558333333333,-8.195638888888888,0.0,0,19.0299,18.9621
30,1,21.14570833333333,-8.198444444444442,0.0,0,19.6688,18.9336
30,4,21.174791666666664,-8.181222222222221,0.0,0,19.2793,18.5808
30,2,21.15675,-8.173638888888888,0.0,0,20.0423,19.2942
33,4,23.91783333333333,-2.113694444444444,0.0,0,19.6826,19.1966
33,3,23.913499999999996,-2.095722222222222,0.0,0,19.4754,19.1906
33,1,23.908875,-2.091222222222222,0.0,0,19.0575,18.5148
33,2,23.909166666666664,-2.0767222222222217,0.0,-1,18.8412,18.3699
231,5,36.83879166666666,-3.9004999999999996,0.0,-1,20.2318,21.2407
231,4,36.823583333333325,-3.899333333333333,0.043634,0,18.3314,17.9544
231,3,36.823249999999994,-3.893583333333333,0.0,-1,20.1863,19.4083
231,1,36.80895833333333,-3.876972222222222,0.0,0,19.8647,19.27
231,2,36.819958333333325,-3.864222222222222,0.0,0,19.546,19.6703
25,3,16.17525,-2.1400277777777776,0.0,0,19.6417,19.11
25,4,16.179666666666666,-2.1362499999999995,0.0,-1,19.8518,21.0307
25,1,16.14795833333333,-2.1354166666666665,0.0,0,19.8877,19.7878
25,2,16.16645833333333,-2.1231111111111107,0.0,0,19.8397,19.4016
20,3,13.04620833333333,-1.1287222222222222,0.104819,0,19.9696,18.953
20,1,13.040416666666665,-1.1191388888888887,0.041238,1,19.5171,18.6617
20,4,13.051124999999999,-1.1112499999999998,0.0413,1,19.6992,19.3486
20,2,13.042958333333331,-1.1094444444444442,0.0,0,19.9459,20.2035
38,1,27.18133333333333,13.687444444444443,0.044701,1,20.0119,19.7959
38,2,27.184249999999995,13.699611111111109,0.044567,1,18.6938,18.0365
38,3,27.189249999999998,13.716777777777775,0.04482,1,18.0277,17.7645
38,4,27.19233333333333,13.726527777777775,0.063404,0,19.1426,18.6771
27,4,18.195874999999997,14.361027777777776,0.056532,0,19.7361,19.0601
27,2,18.175916666666666,14.374861111111109,0.0,0,19.8827,19.5486
27,3,18.18908333333333,14.384027777777776,0.094517,1,20.0891,19.4662
27,1,18.160375,14.390499999999998,0.093823,1,19.4537,19.0921
203,4,336.53099999999995,-11.129388888888887,0.0,0,20.0968,19.8641
203,1,336.48799999999994,-11.142194444444442,0.0,0,20.0578,19.9966
203,2,336.49099999999993,-11.117499999999998,0.0,0,19.8194,19.5308
203,3,336.51599999999996,-11.11911111111111,0.0,0,18.5019,18.0989
280,2,349.177625,9.792305555555554,0.0,0,18.3754,17.837
280,6,349.19862499999994,9.804888888888888,0.0,0,18.2314,17.5936
280,5,349.1959583333333,9.812638888888888,0.0,-1,19.378,19.0168
280,3,349.17999999999995,9.816166666666666,0.0,-1,19.2525,18.8421
280,7,349.2020416666666,9.81722222222222,0.0,0,19.215,18.9493
280,4,349.1802916666666,9.829111111111109,0.0,-1,19.29,18.8361
280,1,349.17570833333326,9.837638888888888,0.0,-1,19.6095,19.3379
2,4,0.37299999999999994,13.098583333333332,0.0,0,19.281,19.2182
2,1,0.3132083333333333,13.113416666666664,0.018646,1,18.5922,18.186
2,3,0.35924999999999996,13.112527777777776,0.017532,1,17.1312,16.6332
2,2,0.33362499999999995,13.111194444444443,0.017899,1,16.7561,16.2019
224,1,357.8028333333333,20.576111111111107,0.080446,0,19.815,19.0236
224,3,357.83949999999993,20.57383333333333,0.018369,1,17.6253,17.3753
224,4,357.8615,20.586027777777776,0.018483,1,18.8402,17.2962
224,2,357.82741666666664,20.578138888888887,0.017949,1,16.8032,16.6326
239,4,80.71399999999998,-31.93233333333333,0.0,0,20.356,19.8173
71,2,83.36808333333332,-27.675388888888886,0.0,0,20.1657,19.744
71,1,83.35458333333332,-27.68130555555555,0.0,0,19.0039,18.844
71,3,83.39458333333332,-27.67611111111111,0.0,0,19.829,19.544
71,4,83.39529166666665,-27.662999999999997,0.0,0,19.2887,18.7714
67,4,71.12441666666666,-21.879305555555554,0.0,0,19.9182,19.2707
67,3,71.10591666666666,-21.86519444444444,0.0,0,19.908,19.622
67,1,71.076,-21.879999999999995,0.075992,0,19.8633,18.7864
67,2,71.08349999999999,-21.878305555555553,0.0,0,19.8884,19.6569
69,2,76.12370833333333,-18.713499999999996,0.0,0,19.4487,19.389
69,3,76.12870833333332,-18.69569444444444,0.0,0,18.8713,18.9183
69,1,76.11879166666665,-18.678888888888885,0.079085,0,18.2154,17.7263
69,4,76.12879166666666,-18.65669444444444,0.0,-1,18.0745,18.3379
238,1,75.30049999999999,-18.204055555555552,0.0,0,19.4815,18.7206
238,4,75.32504166666665,-18.196694444444443,0.0,0,18.9376,18.8828
238,5,75.33887499999999,-18.192361111111108,0.0,0,19.3635,18.729
238,3,75.313375,-18.182138888888886,0.0,-1,17.5542,16.8326
238,2,75.30641666666665,-18.17261111111111,0.0,0,19.8807,20.3228
75,2,129.71604166666665,1.3833055555555553,0.0,-1,19.7277,20.1607
75,3,129.7180833333333,1.399222222222222,0.029274,1,18.8654,17.7049
75,4,129.73087499999997,1.4126666666666665,0.0,0,19.8259,19.7407
75,1,129.71075,1.4048055555555554,0.029043,1,17.0008,16.6972
64,3,64.18158333333332,0.2498611111111111,0.0,-1,18.8935,18.0679
64,2,64.17899999999999,0.27302777777777776,0.0339,1,17.6229,17.2738
64,4,64.18316666666665,0.27177777777777773,0.0332,1,18.4487,18.3673
64,1,64.16979166666665,0.29330555555555554,0.0,-1,19.3124,18.7293
65,2,67.54404166666666,6.93511111111111,0.0,0,16.8966,16.4402
65,4,67.55016666666666,6.938388888888888,0.0,-1,16.6566,16.339
65,3,67.54525,6.944305555555554,0.014563,0,16.464,16.0429
65,1,67.5405,6.945333333333332,0.0,0,16.4891,15.8207
149,4,210.46724999999998,-3.205027777777777,0.067788,1,19.7983,19.9434
149,3,210.46262499999997,-3.1899999999999995,0.0677,1,19.3307,19.1392
149,2,210.4455833333333,-3.1744722222222217,0.0,0,19.0852,19.1767
149,1,210.43674999999996,-3.156305555555555,0.067956,1,19.6281,19.1717
126,3,195.73416666666665,5.512083333333333,0.069217,1,19.3182,18.721
126,4,195.73529166666663,5.517527777777777,0.069331,1,19.7426,19.3619
126,1,195.72949999999997,5.5209722222222215,0.069161,1,19.59,19.1144
126,2,195.73220833333332,5.540916666666666,0.070755,1,18.952,18.4697
143,4,204.8843333333333,4.5080833333333326,0.0,0,20.204,20.1374
143,2,204.87374999999997,4.511472222222221,0.022968,1,19.9111,19.4192
143,3,204.87979166666665,4.513222222222222,0.0,0,19.5915,19.4343
143,1,204.86424999999997,4.51075,0.023086,1,17.5833,17.1189
139,4,202.49454166666663,9.403666666666666,0.081738,0,19.2097,19.1278
139,3,202.4914583333333,9.411305555555554,0.0,0,19.0068,18.4563
139,2,202.48862499999998,9.430305555555554,0.0,0,19.5878,19.1843
139,1,202.48591666666664,9.443388888888888,0.022088,0,19.602,19.1401
148,3,208.84645833333332,6.548444444444444,0.0,0,20.1125,20.0445
148,2,208.8377083333333,6.5563055555555545,0.084285,1,18.6662,18.4017
148,1,208.8228333333333,6.561749999999999,0.083352,1,20.2069,19.7855
148,4,208.85962499999997,6.566416666666666,0.083417,1,20.1512,19.7782
253,2,210.56841666666665,7.679666666666666,0.0,0,18.3896,18.0987
253,5,210.60112499999997,7.686527777777776,0.136922,0,19.7228,19.2877
253,3,210.5730833333333,7.684194444444444,0.015217,0,18.9626,17.7862
253,4,210.57762499999998,7.687972222222221,0.0,-1,18.4549,17.7925
253,1,210.55912499999997,7.69386111111111,0.0,0,19.799,19.4438
133,4,198.47612499999997,6.961277777777777,0.021185,1,17.8059,17.4161
133,3,198.45516666666663,6.962499999999999,0.023963,1,18.2032,17.8103
133,2,198.43979166666665,6.9769444444444435,0.0,0,20.1991,20.3054
133,1,198.43545833333332,6.992305555555554,0.021535,1,18.2283,17.4386
132,3,198.28029166666664,12.661527777777776,0.178535,0,20.018,19.4231
132,4,198.28137499999997,12.683527777777776,0.030082,0,19.2885,19.0654
132,1,198.2609583333333,12.697583333333332,0.060622,0,18.6507,18.3338
132,2,198.2679583333333,12.713805555555554,0.029737,0,17.9483,17.3989
279,6,196.83779166666665,13.628805555555553,0.099919,0,20.056,19.1825
279,7,196.8599583333333,13.641555555555554,0.063226,1,19.2524,18.8211
279,5,196.8293333333333,13.640055555555554,0.0,0,17.8783,17.3566
279,4,196.82316666666665,13.646583333333332,0.026784,0,18.6093,18.0461
279,3,196.80308333333332,13.646805555555554,0.100102,0,20.2559,19.7801
279,2,196.79874999999998,13.659194444444443,0.027162,0,18.7777,18.2494
279,1,196.79499999999996,13.68072222222222,0.0,-1,19.9962,19.8683
140,1,203.3178333333333,11.076027777777776,0.0,0,19.9236,19.6227
140,2,203.32479166666664,11.088388888888888,0.090623,1,19.3327,18.8911
140,4,203.33949999999996,11.102333333333332,0.144162,0,19.4728,19.2852
140,3,203.3288333333333,11.117083333333332,0.025391,0,18.4376,17.7974
249,5,199.90991666666665,14.081666666666665,0.0,0,19.6241,19.493
249,3,199.88662499999998,14.086555555555554,0.0,0,19.8613,19.3645
249,1,199.86987499999998,14.088527777777776,0.0,0,20.1797,19.9979
249,2,199.88241666666664,14.092388888888888,0.572984,-1,18.7977,18.3014
249,4,199.8914583333333,14.108444444444443,0.062973,0,19.5697,19.4611
101,4,169.92312499999997,-6.524972222222221,0.0,0,19.3042,18.6798
101,1,169.91841666666664,-6.517944444444444,0.0,0,20.0497,19.0794
101,2,169.91937499999997,-6.499388888888888,0.0,0,19.5155,18.5343
101,3,169.92079166666664,-6.493638888888888,0.06271,0,18.8124,18.5047
273,5,168.64754166666665,-0.8678055555555554,0.069293,1,19.6415,18.8591
273,4,168.64208333333332,-0.8643055555555554,0.0691,1,19.4944,19.1749
273,3,168.6330833333333,-0.8470555555555555,0.068843,1,19.4781,18.7316
273,6,168.6619583333333,-0.853861111111111,0.0,0,19.035,18.6909
273,2,168.61441666666664,-0.8500277777777776,0.06907,1,19.4818,19.1495
273,1,168.603875,-0.8307499999999999,0.027858,0,20.0241,19.7505
104,1,171.9512083333333,-0.4833333333333333,0.0,-1,18.1166,18.1367
104,4,171.98049999999998,-0.4723055555555555,0.062177,1,20.1101,19.7354
104,3,171.96366666666665,-0.46972222222222215,0.06133,1,18.8185,18.1929
104,2,171.9603333333333,-0.4510555555555555,0.062384,1,19.2482,19.3748
109,1,174.72599999999997,3.5772777777777773,0.0,0,17.9999,17.7079
109,2,174.72904166666663,3.580805555555555,0.018661,1,18.3366,17.8415
109,4,174.73125,3.584444444444444,0.0,-1,17.9546,17.3679
109,3,174.73029166666663,3.6006388888888883,0.018683,1,19.5952,19.3148
93,1,161.7857083333333,-2.3588611111111106,0.0364,1,18.7893,18.1885
93,4,161.8035833333333,-2.343694444444444,0.0,-1,18.7019,19.4927
93,3,161.80191666666664,-2.332694444444444,0.036855,1,18.0534,17.7137
93,2,161.79879166666663,-2.311111111111111,0.0715,0,19.5142,18.6647
97,3,167.52616666666665,-1.0212777777777775,0.109589,-1,19.4421,19.5229
97,4,167.53891666666664,-1.0134166666666664,0.0,0,19.7947,19.4342
97,1,167.5129583333333,-1.0055833333333333,0.1085,1,19.9649,19.8238
97,2,167.51695833333332,-1.0047499999999998,0.109852,1,20.0003,19.0302
91,1,161.06966666666665,2.788083333333333,0.022068,1,18.7937,18.1974
91,4,161.08933333333331,2.7936388888888883,0.021862,1,18.4175,18.0141
91,2,161.07454166666665,2.801722222222222,0.02192,1,19.1449,18.6069
91,3,161.08408333333333,2.805916666666666,0.101,0,18.9757,18.346
95,1,164.85954166666664,4.430083333333332,0.0,0,18.581,18.1134
95,2,164.86399999999998,4.445388888888888,0.062221,0,19.2227,18.9417
95,4,164.87237499999998,4.451833333333333,0.0,0,19.9588,20.7048
95,3,164.86637499999998,4.451111111111111,0.0,-1,19.9469,20.3514
108,4,174.26566666666665,12.457833333333332,0.0,0,19.6762,19.369
108,3,174.2608333333333,12.459249999999999,0.117315,1,19.4283,18.712
108,1,174.2470833333333,12.448249999999998,0.118659,1,19.5185,19.0055
108,2,174.25487499999997,12.457027777777776,0.0,0,20.0542,19.4947
122,1,190.30429166666664,18.30269444444444,0.068894,1,20.0103,19.1732
122,3,190.3350833333333,18.306694444444442,0.077262,0,19.8859,19.4603
122,2,190.31354166666665,18.30408333333333,0.0,0,20.1606,20.0816
122,4,190.35191666666665,18.313388888888888,0.070976,1,19.7469,18.957
134,3,198.57687499999997,17.20433333333333,0.072724,1,19.6004,18.9871
134,2,198.5740833333333,17.217999999999996,0.0,0,19.6311,19.2439
134,1,198.56679166666663,17.234166666666663,0.072823,1,18.7741,18.3593
134,4,198.57774999999998,17.247305555555553,0.0,0,19.6725,19.7997
135,2,198.67324999999997,21.793249999999997,0.0629,1,18.2469,17.5721
135,3,198.68229166666663,21.798638888888885,0.063009,1,18.9592,18.5112
135,1,198.66437499999998,21.809138888888885,0.062813,1,19.3531,18.9234
135,4,198.68716666666663,21.815166666666663,0.0,0,19.7059,19.4121
121,1,188.39445833333332,19.85186111111111,0.073587,1,18.937,18.3685
121,4,188.43524999999997,19.865555555555552,0.0,0,20.0512,20.109
121,2,188.40766666666664,19.86633333333333,0.073425,1,19.39,19.1084
121,3,188.4134583333333,19.879138888888885,0.073886,1,19.5194,19.4525
117,3,184.43999999999997,20.73722222222222,0.121928,1,18.4435,17.9494
117,2,184.43599999999998,20.74147222222222,0.123136,1,19.7555,19.4056
117,1,184.42966666666663,20.741777777777774,0.0,0,20.2009,20.2715
117,4,184.44416666666663,20.754527777777774,0.075773,0,20.15,19.4451
125,4,191.30554166666664,23.02511111111111,0.0,-1,18.564,18.3136
125,3,191.29879166666663,23.036694444444443,0.023263,1,19.3365,18.5473
125,1,191.28870833333332,23.03897222222222,0.022935,1,19.0413,18.3178
125,2,191.29849999999996,23.04172222222222,0.0,-1,18.509,17.8486
105,3,172.9442083333333,15.389333333333331,0.06886,1,19.7022,18.9028
105,4,172.95416666666665,15.40672222222222,0.06899,1,20.171,19.5655
105,1,172.9370833333333,15.40897222222222,0.068909,1,19.6858,19.1132
105,2,172.94133333333332,15.41747222222222,0.0,0,18.4876,18.4419
245,5,176.22791666666663,19.77594444444444,0.027436,1,18.2009,17.6255
245,4,176.22633333333332,19.792499999999997,0.026909,1,18.9883,18.6188
245,1,176.19841666666665,19.77322222222222,0.027662,1,17.4858,17.03
245,3,176.21341666666663,19.786638888888888,0.024087,-1,19.3546,18.9438
245,2,176.2040833333333,19.808194444444442,0.0677,0,19.4542,18.8664
107,1,174.151875,21.678777777777775,0.063601,1,17.9875,17.572
107,2,174.1568333333333,21.690277777777776,0.06264,1,18.8334,18.3545
107,4,174.1893333333333,21.70972222222222,0.025207,0,17.9364,17.5529
107,3,174.16816666666665,21.70005555555555,0.063183,1,20.0876,19.3427
96,4,165.30262499999998,16.724749999999997,0.028677,0,17.6494,17.0791
96,2,165.28362499999997,16.73436111111111,0.0,0,19.9801,19.6898
96,3,165.28987499999997,16.75230555555555,0.0,0,20.2748,19.9591
96,1,165.28175,16.769333333333332,0.0,-1,18.3342,17.5149
246,1,178.42579166666664,21.205999999999996,0.14713,0,19.9429,20.0281
246,2,178.43941666666663,21.220527777777775,0.0,0,19.9164,19.389
246,3,178.4575833333333,21.219416666666664,0.022989,1,18.3198,17.4263
246,4,178.4722083333333,21.23794444444444,0.0,0,20.0169,20.3507
246,5,178.47629166666664,21.24986111111111,0.023058,1,18.4959,17.8919
113,4,179.19474999999997,22.498138888888885,0.0,0,20.1393,19.8345
113,1,179.18241666666665,22.498611111111106,0.08939,0,19.8022,19.3868
113,3,179.1918333333333,22.502611111111108,0.0,0,19.9486,19.3713
113,2,179.18504166666665,22.50433333333333,0.0,0,20.2318,20.0994
112,2,179.06087499999998,25.354388888888884,0.032261,0,19.655,19.0283
112,1,179.05391666666665,25.377638888888885,0.0,0,19.8482,20.5002
112,4,179.08674999999997,25.375194444444443,0.015781,0,17.2127,16.8351
112,3,179.0775,25.388111111111108,1.03799,-1,19.8295,18.87
100,4,169.53229166666665,30.520277777777775,0.0,0,19.535,19.2262
100,3,169.52499999999998,30.530361111111105,0.082091,0,19.8578,19.281
100,2,169.50379166666664,30.540749999999996,0.024726,0,19.8092,19.5097
100,1,169.4995833333333,30.548527777777775,0.060382,1,19.7228,19.1721
171,4,230.96154166666665,2.6657499999999996,0.112916,0,20.094,19.1757
171,2,230.94174999999996,2.6702777777777773,0.020865,0,18.2604,17.8774
171,1,230.92237499999996,2.666861111111111,0.052511,0,18.5942,18.0459
171,3,230.95979166666663,2.6727499999999997,0.112833,0,19.9275,20.1796
275,3,230.49437499999996,3.545416666666666,0.0,-1,20.0102,19.8886
275,2,230.48941666666664,3.556194444444444,0.0,0,19.9405,19.8126
275,4,230.49812499999996,3.559555555555555,0.0839,1,19.011,18.0621
275,6,230.50887499999996,3.5654722222222217,0.085411,1,19.7754,19.5434
275,5,230.49841666666663,3.565083333333333,0.0839,1,19.7079,18.6355
275,1,230.48604166666664,3.5689999999999995,0.085591,1,19.7602,18.8499
172,4,232.79849999999996,3.826277777777777,0.039322,0,18.7681,18.5565
172,3,232.78279166666664,3.8273888888888883,0.0,0,19.5677,19.369
172,1,232.77962499999998,3.828527777777777,0.0,-1,17.9918,17.7459
172,2,232.7802083333333,3.8382222222222215,0.0,0,19.8428,19.9904
258,5,243.33429166666664,8.527972222222221,0.062771,1,18.9271,18.7504
258,4,243.31412499999996,8.5345,0.063283,1,20.0377,19.8302
258,3,243.3033333333333,8.54975,0.063184,1,19.5199,18.8983
258,2,243.2825833333333,8.561777777777777,0.081592,0,18.8124,18.2972
258,1,243.27716666666663,8.565305555555554,0.0,0,19.3524,19.0769
181,4,245.8187083333333,15.786416666666664,0.034294,1,19.0721,18.7564
181,3,245.8187083333333,15.804111111111109,0.033476,1,18.7006,18.48
181,1,245.81374999999997,15.808694444444443,0.0,0,17.7644,17.4421
181,2,245.8172083333333,15.817444444444442,0.0,-1,18.8229,18.4039
183,4,261.67687499999994,32.2095,0.0,0,19.9467,19.2487
183,3,261.6699166666666,32.21986111111111,0.0,0,19.2444,18.6289
183,2,261.64641666666665,32.22308333333333,1.09,0,18.7672,17.583
183,1,261.6345416666666,32.243027777777776,0.0,0,19.3973,19.0417
277,7,31.30141666666666,-74.8992222222222,0.0,-1,19.7537,19.3028
277,5,31.289333333333328,-74.88594444444443,0.0,0,18.1556,18.0103
277,4,31.269041666666663,-74.87463888888888,0.0,-1,18.1774,18.0428
277,3,31.232624999999995,-74.86072222222221,0.0,-1,19.0109,19.0229
277,1,31.220791666666663,-74.85972222222222,0.0,0,19.0133,18.3356
277,6,31.29329166666666,-74.82783333333332,0.0,-1,19.0302,18.809
277,2,31.231499999999997,-74.83922222222222,0.0,0,19.0679,18.9425
267,6,24.866041666666664,-74.43916666666665,0.0,0,19.0896,18.8906
267,1,24.744249999999997,-74.42152777777777,0.0,0,18.3288,18.4053
267,3,24.788791666666665,-74.43088888888887,0.0,-1,17.3254,17.219
267,5,24.849791666666665,-74.41788888888888,0.0,-1,17.8111,17.807
267,2,24.78095833333333,-74.42374999999998,0.0,0,18.3318,18.3232
267,4,24.818499999999997,-74.40424999999999,0.0,-1,19.6521,19.4951
268,1,38.513749999999995,-73.72102777777776,0.0,-1,17.4139,17.4975
268,6,38.65591666666666,-73.73305555555555,0.0,-1,19.2903,19.3611
268,5,38.64829166666666,-73.7278611111111,0.0,0,19.0261,18.6783
268,4,38.565416666666664,-73.73227777777777,0.0,-1,17.4462,17.393
268,3,38.53304166666666,-73.70583333333332,0.0,0,19.308,19.033
268,2,38.531375,-73.70052777777776,0.0,0,20.0341,19.8956
271,6,72.47195833333332,-73.07577777777777,0.027449,1,18.4363,18.2064
271,5,72.43062499999999,-73.08252777777777,0.027636,1,18.7972,18.2361
271,2,72.35695833333332,-73.0658611111111,0.0,-1,17.1163,16.8631
271,1,72.28287499999999,-73.06925,0.0,-1,19.0247,19.2694
271,3,72.38345833333332,-73.0668611111111,0.0,-1,16.8821,16.7737
271,4,72.39837499999999,-73.05519444444444,0.0,0,19.5031,19.0108
237,5,71.57137499999999,-62.40391666666666,0.026321,0,18.4859,17.7081
237,3,71.50279166666665,-62.40230555555555,0.0,0,19.6861,19.2556
237,4,71.5555,-62.39769444444443,0.0,0,18.6988,17.9294
237,1,71.45483333333333,-62.417555555555545,0.0,-1,19.5052,19.4813
237,2,71.45845833333333,-62.39924999999999,0.0,-1,18.4981,18.5435
63,3,60.322708333333324,-65.02661111111111,0.0,0,18.7897,18.3087
63,4,60.34391666666666,-65.01499999999999,0.0,0,19.4801,19.4706
63,1,60.30629166666666,-65.0046111111111,0.0,0,17.7903,17.3981
63,2,60.31799999999999,-64.98549999999999,0.0,0,19.4361,18.9773
234,5,66.46387499999999,-64.47349999999999,0.0,0,19.8723,20.5146
234,2,66.37525,-64.46175,0.0,0,18.0614,17.7904
234,4,66.43204166666666,-64.46397222222221,0.0,0,19.8191,19.3976
234,3,66.42970833333332,-64.45497222222221,0.0,-1,19.5091,19.3703
234,1,66.37495833333332,-64.44830555555555,0.0,0,19.9531,19.6718
32,4,23.458916666666664,-69.33388888888888,0.0,0,18.8685,18.3972
32,3,23.448583333333332,-69.32938888888889,0.0,-1,20.0152,19.5624
32,2,23.418999999999997,-69.30999999999999,0.0,0,18.9275,18.6567
32,1,23.38358333333333,-69.31230555555554,0.0,0,19.2767,18.9956
6,4,4.497041666666666,-69.16149999999999,0.0,0,19.1307,18.4181
6,3,4.472041666666666,-69.15269444444444,0.0,0,19.9952,19.8058
6,2,4.433041666666666,-69.14169444444444,0.0,-1,20.0133,19.7778
6,1,4.370458333333333,-69.1386111111111,0.0,0,20.0865,19.9392
16,2,12.001416666666666,-63.16669444444444,0.086353,0,19.7015,19.0103
16,4,12.044916666666666,-63.15849999999999,0.0,0,19.8762,19.3314
16,1,11.983583333333332,-63.15219444444443,0.215976,0,19.3863,18.8767
16,3,12.002999999999998,-63.13419444444443,0.0,0,20.0612,19.526
44,4,37.046499999999995,-61.06380555555555,0.0,0,17.9819,17.8752
44,2,37.021499999999996,-61.05699999999999,0.0,0,19.1319,18.7602
44,3,37.03029166666666,-61.05949999999999,0.0,0,19.998,20.0206
44,1,37.00479166666666,-61.052499999999995,0.0,0,19.4877,19.0712
50,3,47.14829166666666,-47.28538888888888,0.0,0,20.2912,19.9233
50,2,47.14691666666666,-47.27980555555555,0.0,-1,20.2204,19.529
50,4,47.16441666666666,-47.272388888888884,0.0,0,19.695,19.435
50,1,47.14191666666666,-47.2601111111111,0.0,0,20.0883,19.7824
235,3,66.73129166666666,-49.12469444444444,0.0,0,18.8249,18.3212
235,4,66.75729166666666,-49.12383333333332,0.0,0,18.7048,18.807
235,5,66.77241666666666,-49.114638888888884,0.05828,0,17.6725,17.0204
235,2,66.72808333333333,-49.11766666666666,0.0,0,19.9712,19.6633
235,1,66.71558333333333,-49.11619444444444,0.0,0,18.5235,18.163
236,5,69.31849999999999,-46.68422222222222,0.0,0,18.5054,18.1928
236,3,69.29624999999999,-46.685249999999996,0.0,-1,20.2652,19.5287
236,4,69.31391666666666,-46.670083333333324,0.0,0,19.4243,19.0937
236,1,69.26491666666665,-46.70666666666666,0.0,0,19.8033,19.4555
236,2,69.27608333333332,-46.69799999999999,0.0,0,20.3729,20.1247
70,1,79.10258333333333,-48.56238888888888,0.0,0,19.5103,19.0836
70,2,79.11558333333332,-48.56399999999999,0.0,0,20.0676,19.5426
70,4,79.14958333333333,-48.551111111111105,0.0,0,19.2605,18.5868
70,3,79.12799999999999,-48.54238888888888,0.0,-1,18.1419,18.57
68,2,73.35920833333333,-36.2675,0.0,0,19.9725,19.3209
68,1,73.3445,-36.246805555555554,0.0,0,20.0759,20.155
68,3,73.368,-36.25919444444444,0.0,0,20.2777,20.2564
68,4,73.38099999999999,-36.240111111111105,0.0,0,19.6429,19.4577
239,5,80.71545833333332,-31.95519444444444,0.0,0,19.7342,19.7145
239,1,80.69054166666666,-31.96294444444444,0.0,0,19.4421,19.1362
239,2,80.70583333333332,-31.95755555555555,0.0,0,20.2097,19.788
239,3,80.709375,-31.94294444444444,0.0,0,20.1078,19.7983
59,1,55.122583333333324,-48.64230555555555,0.0,0,20.2824,19.4815
59,4,55.15099999999999,-48.62449999999999,0.0,0,18.0358,17.7545
59,2,55.13249999999999,-48.62949999999999,0.0,-1,19.8076,19.7691
59,3,55.135708333333326,-48.62588888888888,0.0,0,19.8994,19.4277
55,2,53.26220833333333,-47.67399999999999,0.0,0,20.0421,19.7671
55,1,53.25391666666666,-47.66569444444444,0.0,0,20.2183,19.923
55,3,53.26579166666666,-47.660888888888884,0.0,0,20.1609,19.6938
55,4,53.274583333333325,-47.65369444444444,0.0,-1,20.307,20.7464
58,1,54.52258333333332,-47.40588888888888,0.0,0,20.2363,19.9946
58,3,54.54549999999999,-47.411694444444436,0.0,0,20.2691,19.7303
58,4,54.54929166666666,-47.3856111111111,0.0,0,18.9769,18.628
58,2,54.53529166666666,-47.38719444444444,0.0,0,19.8911,19.4686
270,6,61.571708333333326,-36.934527777777774,0.0,-1,18.8614,18.5462
270,1,61.52629166666666,-36.94197222222222,0.0,0,20.1234,19.4636
270,4,61.548333333333325,-36.937888888888885,0.0,0,20.1828,19.7143
270,3,61.54062499999999,-36.92363888888888,0.0,0,20.2653,19.9344
270,2,61.529999999999994,-36.923583333333326,0.0,0,20.3554,20.6018
270,5,61.557583333333326,-36.91880555555555,0.0,-1,18.65,19.2991
53,1,51.63099999999999,-42.851611111111104,0.0,0,19.9958,19.5678
53,3,51.63620833333333,-42.83038888888888,0.0,0,20.2997,19.7664
53,2,51.634208333333326,-42.82369444444444,0.0,-1,19.5788,19.4646
60,3,55.61929166666666,-41.169999999999995,0.0,-1,19.9046,18.1355
60,1,55.61079166666666,-41.155694444444435,0.0,0,20.0337,19.9131
60,2,55.61129166666666,-41.144611111111104,0.004923,0,17.0741,16.6998
60,4,55.631499999999996,-41.149388888888886,0.0,0,20.0069,19.6158
53,4,51.63949999999999,-42.81399999999999,0.0,0,20.4018,19.2053
54,3,52.95808333333333,-39.631499999999996,0.0,0,20.3219,21.4014
54,2,52.94679166666666,-39.631611111111106,0.10668,0,19.8661,19.5581
54,1,52.939583333333324,-39.614194444444436,0.0,0,20.2266,20.073
54,4,52.97208333333332,-39.61380555555555,0.0,-1,18.6888,18.3777
49,4,46.57608333333333,-42.674499999999995,0.0,-1,18.1036,17.7971
49,3,46.56808333333333,-42.67538888888888,0.0,0,18.832,18.5192
49,2,46.544083333333326,-42.66730555555555,0.0,0,20.172,19.7835
49,1,46.54291666666666,-42.65438888888888,0.0,0,20.125,19.3895
52,4,50.12641666666666,-40.20061111111111,0.0,0,20.1828,20.3188
52,2,50.09641666666666,-40.208388888888884,0.0,0,20.044,19.421
52,3,50.09770833333333,-40.18538888888888,0.0,0,20.001,19.3614
52,1,50.070208333333326,-40.17830555555555,0.0,-1,20.3204,20.3335
62,4,57.741583333333324,-38.09311111111111,0.582,-1,17.6741,17.2139
62,1,57.72670833333333,-38.08461111111111,0.0,0,19.4063,18.679
62,2,57.72991666666666,-38.06088888888888,0.0,0,19.4911,19.6442
62,3,57.73129166666666,-38.04169444444444,0.0,0,19.8489,19.4295
57,4,53.83929166666666,-33.47561111111111,0.0,0,20.0022,19.7237
57,1,53.78199999999999,-33.48269444444444,0.0,0,19.6652,18.7897
57,2,53.79099999999999,-33.48019444444444,0.0,0,19.5296,19.0816
57,3,53.81341666666666,-33.467388888888884,0.0,0,19.9118,20.3285
66,3,70.5435,-23.249999999999996,0.067166,0,17.8119,17.4579
66,1,70.5225,-23.24911111111111,0.0,0,19.5624,18.8577
66,4,70.55199999999999,-23.242805555555552,0.0,0,20.0172,19.403
66,2,70.54079166666666,-23.23719444444444,0.0,0,18.498,18.307
13,4,9.325,-63.44030555555555,0.0,0,20.0987,19.8396
13,2,9.273833333333332,-63.444111111111106,0.0,0,18.6374,18.5981
13,3,9.294374999999999,-63.43788888888888,0.0,-1,19.9565,19.8637
13,1,9.238708333333332,-63.44030555555555,0.041095,0,19.843,19.3354
266,6,6.338708333333332,-60.63991666666666,0.0,0,20.1543,20.1747
266,2,6.2746249999999995,-60.64008333333332,0.031292,0,18.3982,18.1197
266,5,6.318166666666666,-60.638277777777766,0.0,0,19.9724,20.115
266,4,6.3147916666666655,-60.62219444444444,0.0,0,20.3139,20.2015
266,1,6.2517499999999995,-60.622583333333324,0.0,0,19.5425,19.1957
266,3,6.313458333333332,-60.616611111111105,0.0,0,19.4319,19.291
35,3,25.573499999999996,-54.448499999999996,0.060805,1,19.7422,19.4024
35,2,25.560999999999996,-54.43869444444444,0.060572,1,19.7238,19.2651
35,4,25.58308333333333,-54.43038888888888,0.0,0,20.2936,18.9188
35,1,25.557999999999996,-54.4121111111111,0.0,-1,19.2256,18.3615
31,3,23.145291666666665,-54.64138888888888,0.0,0,19.4729,18.9183
31,1,23.11358333333333,-54.634805555555545,0.0,0,18.0884,17.6214
31,2,23.129791666666662,-54.6381111111111,0.0,0,18.0384,17.8208
31,4,23.145416666666662,-54.62319444444444,0.0,0,19.7289,19.3424
3,2,2.837958333333333,-53.980888888888884,0.0,0,20.0492,19.6655
3,1,2.834916666666666,-53.955999999999996,0.0,-1,20.2101,20.5555
3,3,2.8419999999999996,-53.95369444444444,0.0,0,19.9107,19.7047
3,4,2.8522916666666664,-53.931194444444436,0.041719,0,17.7296,17.3873
24,1,16.06970833333333,-51.03338888888888,0.025441,0,19.0576,18.0983
24,3,16.093083333333333,-51.02130555555555,0.062667,1,18.5147,18.0917
24,2,16.07858333333333,-51.01988888888888,0.0,0,19.9116,19.5326
24,4,16.11420833333333,-51.00469444444444,0.120637,0,19.615,19.1732
47,4,43.46529166666666,-41.979388888888884,0.069815,0,19.5092,19.0413
47,2,43.453083333333325,-41.966499999999996,0.0,0,20.0928,20.1872
47,1,43.43149999999999,-41.97730555555555,0.0,0,20.1271,19.9749
47,3,43.45379166666666,-41.95569444444444,0.0,0,19.7993,19.5954
34,3,24.635916666666663,-40.02188888888888,0.0,0,19.3654,19.2934
34,4,24.65508333333333,-40.01161111111111,0.025227,0,18.0675,17.3774
34,2,24.61358333333333,-40.00580555555555,0.068968,0,19.1309,18.958
34,1,24.59420833333333,-40.01299999999999,0.0,-1,20.3523,19.9247
41,2,33.66799999999999,-41.64880555555555,0.0,0,19.7109,19.3282
41,1,33.65,-41.6341111111111,0.0,0,19.871,19.1959
41,3,33.69720833333333,-41.64680555555555,0.0,0,17.8269,17.4373
41,4,33.701499999999996,-41.6386111111111,0.0,-1,20.3353,19.5633
227,1,4.2257083333333325,-51.085694444444435,0.0,0,19.1684,18.9551
227,4,4.266916666666666,-51.06516666666666,0.0,0,20.2944,20.1342
227,2,4.235666666666666,-51.069222222222216,0.055448,0,18.5646,18.1585
227,3,4.248708333333333,-51.03874999999999,0.0,0,20.3298,19.9263
227,5,4.284416666666666,-51.045444444444435,0.0,0,20.1738,19.7978
17,1,12.222583333333331,-45.77488888888888,0.0,0,19.8411,19.5387
17,3,12.250999999999998,-45.77680555555555,0.0,0,19.6515,19.945
17,4,12.255583333333332,-45.77049999999999,0.0,0,19.113,18.953
17,2,12.233416666666665,-45.75861111111111,0.0,0,20.3391,20.0642
7,2,4.610499999999999,-42.13780555555555,0.093258,0,20.1218,19.7196
7,4,4.643999999999999,-42.12461111111111,0.0,0,20.3146,19.6408
7,1,4.603999999999999,-42.12649999999999,0.0,-1,20.1586,19.8188
7,3,4.621416666666666,-42.12130555555555,0.0,0,20.2155,20.2165
4,2,3.3172916666666663,-41.595611111111104,0.0,0,20.2478,19.4746
4,4,3.352666666666666,-41.57849999999999,0.0,0,19.8293,19.2635
4,3,3.326458333333333,-41.57319444444444,0.0,-1,18.2981,18.3077
4,1,3.314291666666666,-41.57119444444444,0.0,0,20.2139,19.7874
22,4,14.421791666666664,-35.763,0.0,0,20.2451,20.1968
22,3,14.406208333333332,-35.76499999999999,0.1259,0,20.0779,19.9097
22,2,14.399916666666664,-35.76219444444444,0.0,0,19.9687,19.1409
22,1,14.393999999999998,-35.738611111111105,0.0,0,20.3347,20.1305
29,2,20.41308333333333,-38.10249999999999,0.0,0,20.2375,20.3543
29,1,20.389083333333332,-38.07230555555555,0.0,0,20.2038,19.5477
29,3,20.416499999999996,-38.078111111111106,0.115156,1,20.2055,19.4848
29,4,20.43420833333333,-38.06130555555555,0.114883,1,19.8384,19.148
39,1,29.659499999999994,-33.7735,0.157394,0,20.2724,20.2398
39,3,29.664999999999996,-33.75561111111111,0.0,0,18.8419,18.7809
39,2,29.66158333333333,-33.74338888888889,0.0,0,18.8622,18.2111
39,4,29.686416666666663,-33.75711111111111,0.062604,0,19.7446,19.2853
40,1,30.948499999999996,-31.160305555555553,0.0,0,19.816,19.3727
40,2,30.95841666666666,-31.14711111111111,0.0,0,18.7238,18.6343
40,4,30.978916666666663,-31.155611111111106,0.0665,0,19.9221,19.6045
40,3,30.964916666666664,-31.14369444444444,0.0289,0,17.5967,17.2655
36,2,26.894999999999996,-30.26761111111111,0.0425,1,19.2358,18.9576
36,3,26.90491666666666,-30.25430555555555,0.0,0,19.4921,18.6985
36,4,26.913291666666662,-30.24919444444444,0.0428,1,19.8025,19.4564
36,1,26.889416666666662,-30.261888888888883,0.0428,1,17.3607,17.2249
230,5,27.499874999999996,-27.818111111111108,0.088395,1,19.9607,19.4494
230,3,27.485874999999997,-27.81866666666666,0.042866,0,18.0001,17.1341
230,4,27.49108333333333,-27.81208333333333,0.0,0,18.9147,18.3172
230,2,27.468874999999997,-27.820416666666663,0.0,-1,19.6399,19.4916
230,1,27.46370833333333,-27.821999999999996,0.088744,1,19.9635,20.0312
26,4,16.847416666666664,-32.829111111111104,0.035811,0,19.5974,18.7922
26,2,16.817791666666665,-32.842611111111104,0.0638,0,20.0433,19.8393
26,1,16.80270833333333,-32.835611111111106,0.0643,0,19.734,19.2631
26,3,16.832791666666665,-32.83169444444444,0.035194,0,19.3174,18.4741
28,1,20.2445,-32.06261111111111,0.0724,1,19.6806,19.5659
28,2,20.252416666666665,-32.058611111111105,0.0726,1,19.1253,18.6568
28,3,20.278416666666665,-32.05011111111111,0.0722,1,20.1093,19.6308
28,4,20.290916666666664,-32.040499999999994,0.0352,0,19.0883,18.6107
48,1,45.03820833333333,-36.38088888888888,0.0,0,19.4241,19.5236
48,2,45.04341666666666,-36.35861111111111,0.0958,1,19.519,18.9998
48,4,45.04929166666666,-36.35619444444444,0.0917,1,17.6607,17.1745
48,3,45.04841666666666,-36.35169444444444,0.0,-1,20.1719,18.9757
51,3,47.55941666666666,-35.029888888888884,0.0,-1,20.2179,19.1848
51,4,47.56341666666666,-35.018611111111106,0.0,0,20.3004,20.3873
51,2,47.54291666666666,-35.00830555555555,0.0,0,19.0606,18.3702
51,1,47.526999999999994,-35.007,0.0,0,20.2593,20.1742
269,6,50.28133333333333,-33.90572222222222,0.070142,1,17.7321,17.5174
269,4,50.26491666666666,-33.917361111111106,0.0,-1,20.3122,19.8162
269,2,50.23962499999999,-33.906611111111104,0.0,0,19.357,19.0324
269,3,50.25133333333333,-33.903388888888884,0.0568,0,19.21,19.0474
269,5,50.266208333333324,-33.901888888888884,0.0715,1,19.2838,19.1629
269,1,50.22279166666666,-33.89355555555555,0.0707,1,20.2513,20.1848
56,3,53.44329166666666,-30.333888888888886,0.1064,1,19.3753,18.7572
56,1,53.43520833333333,-30.317388888888885,0.130297,0,20.2098,19.575
56,4,53.44541666666666,-30.30580555555555,0.0,0,20.1442,19.4364
56,2,53.43858333333333,-30.302499999999995,0.1061,1,20.3328,20.2223
232,5,43.806749999999994,-21.607749999999996,0.0,0,19.643,19.1275
232,4,43.80216666666666,-21.598444444444443,0.0,0,18.2067,18.0708
232,3,43.79104166666666,-21.593944444444443,0.027396,0,19.0176,18.003
232,2,43.77879166666666,-21.585694444444442,0.0,0,18.1335,17.6811
232,1,43.76174999999999,-21.586916666666664,0.0,0,19.2833,19.032
233,3,57.51099999999999,-15.318305555555554,0.0,-1,19.1098,18.964
233,5,57.52624999999999,-15.295999999999998,0.0,0,19.2448,18.9627
233,1,57.48654166666666,-15.303083333333332,0.0,0,20.1313,19.9464
233,2,57.49808333333333,-15.296444444444443,0.0,0,18.3543,18.0871
233,4,57.51416666666666,-15.295138888888888,0.0,0,19.092,18.5097
61,1,56.423083333333324,-12.303111111111109,0.0,-1,18.8986,18.0137
61,3,56.42929166666666,-12.295999999999998,0.030718,0,17.3148,16.9082
61,2,56.42770833333333,-12.273694444444443,0.0,0,18.9152,18.5487
61,4,56.430208333333326,-12.262805555555554,0.0,0,18.6762,18.1475
43,2,36.20870833333333,-27.287999999999997,0.060465,1,19.5058,19.0922
43,4,36.23791666666666,-27.29019444444444,0.2141,0,19.9624,19.3396
43,3,36.23020833333333,-27.26630555555555,0.0,0,19.8664,19.5031
43,1,36.20441666666666,-27.274999999999995,0.060526,1,19.9078,19.7127
45,2,40.45491666666666,-20.81519444444444,0.025821,0,17.1381,16.6727
45,3,40.46008333333333,-20.81219444444444,0.0,0,17.9027,17.3259
45,4,40.47149999999999,-20.815305555555554,0.0,0,20.1531,19.7776
45,1,40.44908333333333,-20.798694444444443,0.01016,0,17.2533,17.1131
42,3,35.62241666666666,-18.60769444444444,0.0,0,19.9343,19.5055
42,4,35.63108333333333,-18.601999999999997,0.0,0,19.9968,19.2693
42,2,35.60849999999999,-18.601388888888888,0.0,-1,19.6556,19.8017
42,1,35.59499999999999,-18.600694444444443,0.0,0,19.8377,19.4909
46,3,41.47062499999999,-5.588694444444443,0.0,0,17.5032,17.0847
46,4,41.48379166666666,-5.579194444444444,0.0,0,20.1724,20.0092
46,1,41.455749999999995,-5.573527777777777,0.0,0,20.0841,19.5913
46,2,41.46729166666666,-5.564666666666666,0.0,0,19.9596,19.666
72,2,97.22249999999998,-69.71580555555555,0.0,0,16.8821,16.4117
72,3,97.22291666666665,-69.69719444444443,0.03368,0,17.1027,16.566
72,4,97.22341666666665,-69.68580555555555,0.0,0,18.1227,17.5059
72,1,97.16958333333332,-69.6801111111111,0.0,0,19.315,18.3971
251,3,203.04566666666665,-38.90769444444444,0.0,-1,19.5767,19.067
251,1,203.02829166666663,-38.89099999999999,0.051642,1,18.7437,18.1055
251,2,203.0302083333333,-38.87752777777777,0.0,-1,19.5011,19.1884
251,5,203.06274999999997,-38.88708333333333,0.048934,1,18.5269,18.1659
251,4,203.06033333333332,-38.87049999999999,0.050331,1,18.9389,18.0173
154,3,212.86099999999996,-29.673611111111107,0.0,0,18.5216,18.0173
154,2,212.85199999999998,-29.65169444444444,0.0,0,18.1046,17.9603
154,1,212.83399999999997,-29.636999999999997,0.0,-1,19.6585,19.8597
154,4,212.86199999999997,-29.635611111111107,0.037372,0,17.9231,17.6963
145,2,206.84799999999998,-30.450388888888885,0.0,0,18.1038,16.7968
145,4,206.85899999999998,-30.42980555555555,0.0,0,18.6674,18.0439
145,1,206.84699999999998,-30.417611111111107,0.014377,1,18.9583,18.1616
145,3,206.85099999999997,-30.405999999999995,0.014602,1,17.8984,17.0828
252,2,206.82462499999997,-30.36533333333333,0.0,0,18.9938,18.8938
252,5,206.86391666666663,-30.371777777777773,0.0,0,19.8438,19.133
252,4,206.8425833333333,-30.362249999999996,0.0,0,18.7559,19.279
252,3,206.82599999999996,-30.35458333333333,0.0,-1,18.3746,18.4038
252,1,206.8229583333333,-30.332972222222217,0.0,-1,18.9744,18.9855
200,4,335.25399999999996,-69.7996111111111,0.0,0,19.657,19.0108
200,3,335.21199999999993,-69.78169444444444,0.0,0,19.7595,19.7752
200,2,335.19199999999995,-69.77149999999999,0.0,0,19.8801,18.8115
200,1,335.16799999999995,-69.75388888888888,0.0,0,20.1151,20.0614
205,3,338.30999999999995,-60.92869444444444,0.0,0,19.9252,19.7844
205,4,338.32099999999997,-60.92588888888888,0.054818,1,19.5333,19.27
205,2,338.28799999999995,-60.92499999999999,0.0,0,19.32,19.0384
205,1,338.26399999999995,-60.911111111111104,0.055939,1,19.6585,19.4778
201,4,335.63199999999995,-61.2956111111111,0.0,-1,20.1788,19.9875
201,1,335.58299999999997,-61.2946111111111,0.0,0,19.4383,19.0643
201,2,335.59899999999993,-61.280111111111104,0.044191,0,19.1842,18.7061
201,3,335.602,-61.2646111111111,0.0,0,19.7041,19.4819
193,1,327.69599999999997,-61.765611111111106,0.051666,0,18.798,17.6546
193,4,327.71,-61.7441111111111,0.0,0,19.7403,19.1235
193,2,327.698,-61.730305555555546,0.0,0,19.5973,19.4493
193,3,327.70899999999995,-61.72469444444444,0.0,0,20.1828,19.8982
196,2,332.12899999999996,-57.301111111111105,0.0342,0,18.42,18.0854
196,4,332.145,-57.29388888888888,0.0,-1,18.6565,18.2391
196,3,332.13199999999995,-57.282999999999994,0.0,0,20.2102,19.8834
196,1,332.12199999999996,-57.27730555555555,0.0,0,19.9267,19.5891
184,1,303.72499999999997,-66.28838888888887,0.0,0,19.1131,18.9575
184,2,303.741,-66.28719444444444,0.0,-1,19.2216,18.8669
184,4,303.758,-66.28669444444444,0.0,0,18.7217,18.5271
184,3,303.74999999999994,-66.27961111111111,0.0,0,19.8643,19.6614
188,3,314.86599999999993,-60.67999999999999,0.0,0,19.0282,17.9487
188,1,314.84799999999996,-60.666999999999994,0.055752,0,18.6755,17.9281
188,2,314.85499999999996,-60.657194444444436,0.0,0,19.0681,18.3195
188,4,314.88599999999997,-60.64869444444444,0.0,-1,19.7887,17.6968
190,3,319.50999999999993,-50.766999999999996,0.0,0,18.5054,18.192
190,4,319.544,-50.75719444444444,0.073594,0,19.7309,19.4853
190,1,319.49199999999996,-50.74549999999999,0.0,-1,19.7529,18.4345
190,2,319.50499999999994,-50.73911111111111,0.0,0,19.8835,19.2635
187,3,314.67499999999995,-48.566194444444434,0.0,-1,19.9414,19.1608
187,4,314.69199999999995,-48.564388888888885,0.0,0,19.093,18.6504
187,1,314.65599999999995,-48.55819444444444,0.0,0,20.1216,19.3219
187,2,314.65999999999997,-48.54069444444444,0.0,0,19.7344,19.353
185,3,312.50199999999995,-48.916305555555546,0.030818,0,18.5315,18.0714
185,1,312.46,-48.909611111111104,0.0,-1,18.3438,17.9407
185,4,312.50899999999996,-48.898111111111106,0.0,0,20.1275,19.8406
185,2,312.47499999999997,-48.896111111111104,0.0,0,19.822,18.9576
213,3,347.44599999999997,-48.58449999999999,0.0,0,19.9129,19.4937
213,1,347.436,-48.562888888888885,0.0,0,20.3112,19.7166
213,4,347.45699999999994,-48.570694444444435,0.078681,0,17.9654,17.6142
213,2,347.44499999999994,-48.55349999999999,0.0,0,19.0757,18.797
211,3,343.98999999999995,-55.60430555555555,0.0,-1,20.0384,20.3044
211,4,344.00899999999996,-55.60780555555555,0.0,0,19.1325,19.1433
211,2,343.96299999999997,-55.61438888888888,0.0,0,19.7652,19.7976
211,1,343.92299999999994,-55.60788888888888,0.0,0,19.3598,20.5065
206,1,339.93399999999997,-47.5061111111111,0.0,-1,19.1777,19.2594
206,2,339.941,-47.4911111111111,0.0,0,20.3091,20.2021
206,4,339.98699999999997,-47.479388888888884,0.0,0,19.3515,19.2433
206,3,339.96999999999997,-47.485499999999995,0.0,0,20.0145,19.1418
225,3,358.77699999999993,-50.077999999999996,0.0,0,20.2707,20.0373
225,4,358.77799999999996,-50.06330555555555,0.0,0,20.0077,19.477
225,1,358.7579999999999,-50.06369444444444,0.0,0,19.0698,18.7255
225,2,358.76099999999997,-50.046388888888885,0.0,0,19.8384,19.2102
223,4,357.55899999999997,-47.17938888888888,0.0,0,20.0016,19.2314
223,3,357.53,-47.1906111111111,0.004003,0,18.3621,17.8765
223,2,357.518,-47.17119444444444,0.065619,0,17.8817,17.555
223,1,357.50699999999995,-47.147388888888884,0.0,0,19.8751,19.7018
218,1,353.74699999999996,-47.98911111111111,0.0,0,20.2791,20.3395
218,4,353.78399999999993,-47.97169444444444,0.0,0,19.492,19.2201
218,3,353.76699999999994,-47.97538888888888,0.0,0,20.3993,20.1782
218,2,353.75199999999995,-47.962194444444435,0.0,0,19.8617,19.7823
214,3,351.91599999999994,-47.0686111111111,0.0,0,20.2052,20.2614
214,2,351.912,-47.050888888888885,0.0,0,20.0008,19.6969
214,4,351.92499999999995,-47.041305555555546,0.050175,0,17.9879,17.5316
214,1,351.9069999999999,-47.030499999999996,0.0,-1,19.6522,19.6609
216,2,352.53399999999993,-44.20569444444444,0.100413,0,19.6806,18.9677
216,4,352.56199999999995,-44.18899999999999,0.0,0,20.3564,20.0876
216,3,352.55899999999997,-44.17688888888888,0.0,-1,20.0465,19.8673
216,1,352.52899999999994,-44.1966111111111,0.0,0,18.9379,18.2466
264,3,349.18858333333327,-41.6636111111111,0.0,0,20.1236,19.5342
264,5,349.2048333333333,-41.676361111111106,0.0,0,20.1349,19.9266
264,4,349.19599999999997,-41.655583333333325,0.0,0,19.7224,19.2987
264,1,349.1606249999999,-41.65024999999999,0.0,0,20.284,20.5859
264,2,349.16612499999997,-41.63216666666666,0.0,-1,19.8955,20.0084
219,1,354.87299999999993,-38.6825,0.0,0,19.8751,19.5002
219,3,354.88399999999996,-38.667111111111105,0.0,0,18.9651,18.268
219,2,354.88199999999995,-38.66338888888888,0.0,0,19.1814,18.841
219,4,354.9,-38.66630555555555,0.151401,0,20.0524,19.9224
263,3,323.8369583333333,-49.936388888888885,0.0554,1,18.6541,18.0395
263,2,323.83399999999995,-49.93355555555555,0.0,-1,18.9065,18.52
263,1,323.8237083333333,-49.933611111111105,0.0,0,19.2629,18.8239
263,5,323.8755416666666,-49.937527777777774,0.054448,1,18.3549,17.9151
263,4,323.86599999999993,-49.93272222222222,0.0,-1,19.2072,19.2148
194,4,330.21099999999996,-42.82861111111111,0.0,0,19.2713,18.8766
194,3,330.19899999999996,-42.81549999999999,0.0,0,20.3589,20.2326
194,2,330.1809999999999,-42.82149999999999,0.067693,0,20.2702,19.2984
194,1,330.16799999999995,-42.8186111111111,0.0,0,19.9012,19.4095
262,1,321.9612083333333,-46.65472222222222,0.0,0,19.8253,19.3884
262,5,322.01558333333327,-46.64527777777777,0.0,0,19.1349,18.6208
262,4,321.9865,-46.64416666666666,0.0,0,18.5032,18.9656
262,3,321.9803333333333,-46.63999999999999,0.0,0,19.8406,19.2039
262,2,321.98004166666664,-46.629527777777774,0.046689,0,18.2001,17.6902
207,3,340.138,-38.39269444444444,0.101173,0,19.6866,19.6702
207,4,340.14599999999996,-38.37288888888888,0.0,-1,19.9937,20.3893
207,2,340.12999999999994,-38.354499999999994,0.0,0,19.559,19.3516
207,1,340.12399999999997,-38.35488888888889,0.0,0,19.9854,19.2929
208,1,340.78799999999995,-34.657888888888884,0.0,0,17.8099,18.1174
208,4,340.80999999999995,-34.62169444444444,0.0689,1,18.9957,18.7384
208,2,340.78799999999995,-34.635999999999996,0.069,1,19.7385,19.5586
208,3,340.80699999999996,-34.61230555555555,0.0699,1,19.1337,18.6629
209,4,343.2289999999999,-24.989694444444442,0.0,-1,17.5492,17.1972
209,3,343.22099999999995,-24.974305555555553,0.0744,1,19.6259,19.3194
209,2,343.20599999999996,-24.965388888888885,0.0742,1,19.8375,19.1624
209,1,343.198,-24.944888888888887,0.079258,0,19.9707,19.4751
202,1,336.35799999999995,-27.701305555555553,0.0509,1,18.1654,17.5425
202,4,336.38399999999996,-27.70819444444444,0.049985,1,17.8568,17.26
202,3,336.383,-27.701388888888886,0.186063,0,20.0345,19.6874
202,2,336.36499999999995,-27.702499999999997,0.0,0,19.8575,18.9798
204,2,338.078,-25.447999999999997,0.0,0,19.201,18.8873
204,3,338.09099999999995,-25.429388888888884,0.032159,0,19.5445,18.8831
204,1,338.05799999999994,-25.453194444444442,0.0621,0,19.0711,18.7746
204,4,338.11199999999997,-25.42611111111111,0.0363,1,19.4009,18.8112
198,3,334.52799999999996,-25.689305555555553,0.009126,0,17.1501,16.9094
198,1,334.48799999999994,-25.69519444444444,0.0901,0,19.6217,19.3834
198,2,334.508,-25.691888888888887,0.0907,0,20.1778,19.5425
198,4,334.53399999999993,-25.66719444444444,0.0837,0,20.1323,20.1117
199,4,334.686,-24.198694444444442,0.0828,0,19.5687,19.1567
199,3,334.679,-24.183999999999997,0.031348,1,18.9608,18.3633
199,2,334.66299999999995,-24.171888888888887,0.0332,1,18.931,18.355
199,1,334.6569999999999,-24.16219444444444,0.0,0,19.9668,19.5682
189,2,319.34999999999997,-35.92188888888889,0.0,0,19.0916,18.8092
189,4,319.36199999999997,-35.925888888888885,0.0,0,19.0757,18.3641
189,3,319.35599999999994,-35.91788888888888,0.0,0,19.1945,18.552
189,1,319.3419999999999,-35.900499999999994,0.029797,0,17.0391,16.6342
191,4,322.32399999999996,-31.038611111111106,0.0,0,19.9522,19.6443
191,3,322.3179999999999,-31.028999999999996,0.0,0,19.1556,18.8756
191,2,322.31499999999994,-31.023499999999995,0.0,0,19.9817,19.2947
191,1,322.294,-31.022888888888886,0.0,0,19.5883,18.9734
186,2,314.48199999999997,-24.984388888888887,0.0,-1,18.628,18.7564
186,1,314.47299999999996,-24.962388888888885,0.0,0,19.5318,19.1392
186,4,314.49399999999997,-24.962888888888884,0.0,0,19.6074,19.1857
186,3,314.48999999999995,-24.947999999999997,0.094365,0,19.6399,19.688
192,3,326.17199999999997,-20.081305555555552,0.0,-1,16.7661,17.0661
192,1,326.157,-20.086,0.0,0,19.783,19.1745
192,4,326.17999999999995,-20.056888888888885,0.0,0,20.1444,19.2651
192,2,326.169,-20.059305555555554,0.034502,0,17.0123,16.4734
195,2,330.61099999999993,-22.899388888888886,0.0,0,19.9665,19.2097
195,1,330.60699999999997,-22.886611111111108,0.07177,1,19.5144,19.0055
195,4,330.645,-22.90069444444444,0.0,0,20.0246,19.5405
195,3,330.63199999999995,-22.89061111111111,0.069838,1,19.7275,19.4138
276,2,328.85299999999995,-20.88622222222222,0.38,-1,20.0664,19.2073
276,6,328.9036666666666,-20.854138888888887,0.0,0,19.8348,19.709
276,5,328.8825833333333,-20.859166666666663,0.066913,0,17.8721,17.6667
276,1,328.8524166666666,-20.86269444444444,0.0,0,19.6331,19.3956
276,4,328.86562499999997,-20.85883333333333,0.0,0,19.8329,19.6747
276,3,328.85849999999994,-20.856333333333332,0.0,0,18.8517,18.2243
