SFCG1 00 00 22.93 -22 35 13.6 J2000
SFCG5 00 14 09.02 -22 33 50.9 J2000
SFCG6 00 17 46.35 -69 08 55.0 J2000
SFCG8 00 18 38.99 -35 57 09.6 J2000
SFCG11 00 31 14.23 -25 29 43.6 J2000
SFCG15 00 37 55.57 -25 04 17.6 J2000
SFCG19 00 51 26.82 -23 12 56.3 J2000
SFCG20 00 52 10.84 -01 07 01.7 J2000
SFCG22 00 57 37.31 -35 45 25.9 J2000
SFCG23 01 02 17.15 -17 12 05.0 J2000
SFCG26 01 07 18.04 -32 50 05.1 J2000
SFCG28 01 21 03.97 -32 03 10.6 J2000
SFCG29 01 21 39.17 -38 04 42.8 J2000
SFCG32 01 33 42.61 -69 19 17.0 J2000
SFCG34 01 38 29.93 -40 00 47.1 J2000
SFCG36 01 47 36.16 -30 15 29.7 J2000
SFCG39 01 58 40.35 -33 45 26.6 J2000
SFCG40 02 03 51.04 -31 09 06.0 J2000
SFCG41 02 14 43.00 -41 38 31.5 J2000
SFCG47 02 53 48.22 -41 58 11.0 J2000
SFCG48 03 00 10.76 -36 21 42.7 J2000
SFCG49 03 06 13.87 -42 40 04.4 J2000
SFCG50 03 08 36.09 -47 16 27.9 J2000
SFCG51 03 10 11.56 -35 00 57.4 J2000
SFCG52 03 20 23.44 -40 11 35.4 J2000
SFCG53 03 26 32.45 -42 49 47.7 J2000
SFCG54 03 31 49.00 -39 37 22.0 J2000
SFCG55 03 33 03.39 -47 39 48.9 J2000
SFCG56 03 33 45.75 -30 18 53.6 J2000
SFCG57 03 35 13.54 -33 28 35.3 J2000
SFCG58 03 38 09.16 -47 23 51.4 J2000
SFCG59 03 40 32.51 -48 37 50.0 J2000
SFCG60 03 42 28.37 -41 09 17.7 J2000
SFCG62 03 50 55.77 -38 04 12.3 J2000
SFCG68 04 53 27.16 -36 15 12.2 J2000
SFCG72 06 28 50.30 -69 41 41.0 J2000
SFCG93 10 47 11.40 -02 20 11.7 J2000
SFCG149 14 01 48.73 -03 10 53.2 J2000
SFCG186 20 57 56.34 -24 57 51.9 J2000
SFCG189 21 17 24.60 -35 54 59.6 J2000
SFCG190 21 18 03.06 -50 45 07.9 J2000
SFCG191 21 29 15.06 -31 01 42.6 J2000
SFCG194 22 00 45.54 -42 49 15.8 J2000
SFCG198 22 18 03.48 -25 41 09.2 J2000
SFCG199 22 18 41.10 -24 10 45.1 J2000
SFCG202 22 25 29.40 -27 42 12.1 J2000
SFCG204 22 32 20.34 -25 26 21.0 J2000
SFCG208 22 43 11.58 -34 37 55.1 J2000
SFCG209 22 52 51.24 -24 58 06.9 J2000
SFCG211 22 55 53.10 -55 36 31.0 J2000
SFCG215 23 29 29.94 -32 25 58.1 J2000
SFCG216 23 30 11.04 -44 11 31.4 J2000
SFCG221 23 43 36.30 -22 27 14.4 J2000
SFCG222 23 44 22.32 -26 01 57.5 J2000
SFCG228 00 25 23.30 -21 38 51.1 J2000
SFCG230 01 49 55.65 -27 49 05.7 J2000
SFCG234 04 25 39.64 -64 27 37.8 J2000
SFCG235 04 26 57.82 -49 07 09.9 J2000
SFCG236 04 37 10.54 -46 41 19.8 J2000
SFCG264 23 16 43.98 -41 39 20.1 J2000
SFCG267 01 39 13.93 -74 25 22.5 J2000
SFCG268 02 34 17.91 -73 43 12.4 J2000
SFCG269 03 21 01.05 -33 54 17.1 J2000
SFCG270 04 06 10.98 -36 55 48.3 J2000
SFCG271 04 49 32.97 -73 04 09.3 J2000
SFCG277 02 05 03.02 -74 51 50.0 J2000
