Group,RA,Dec,zUV,nUV,ngal,nz,mz,r_theta_,Rij,sigmalos,Simbad,RA_obj,DEC_obj,NAME_obj,STATUS_1,PRIORITY,PID,NAME_tile,RA_tile,DEC_tile,RA_d_tile,DEC_d_tile,Separation
4,3.3276666666666666,-41.579638888888894,0.0,4,3,0,0,1.027,0.0,0.0,"Simbad",3.3276667,-41.5796389,4,666,1,SPLUS,SPLUS-s32s03,0:14:20,-41:26:57,3.583333333,-41.44916667,9.827303303069184E-5
17,12.240666666666666,-45.77019444444444,0.0,4,4,0,0,0.809,0.0,0.0,"Simbad",12.2406667,-45.7701944,17,666,2,SPLUS,SPLUS-s35s07,0:45:43,-45:22:11,11.42916667,-45.36972222,1.8057255929731017E-4
31,23.133541666666662,-54.63436111111111,0.0,4,4,0,0,0.71,0.0,0.0,"Simbad",23.1335417,-54.6343611,31,666,1,SPLUS,SPLUS-s42s11,1:31:43,-54:25:34,22.92916667,-54.42611111,8.014989927719639E-5
203,336.50649999999996,-11.127055555555556,0.0,4,4,0,0,1.392,0.0,0.0,"Simbad",336.5065,-11.1270556,203,666,2,SPLUS,SPLUS-s09s10,22:26:12,-10:50:08,336.55,-10.83555556,1.6000000037829715E-4
206,339.9579999999999,-47.49052777777778,0.0,4,3,0,0,1.218,0.0,0.0,"Simbad",339.958,-47.4905278,206,666,0,SPLUS,SPLUS-s37s51,22:40:00,-47:58:16,340.0,-47.97111111,8.000000591495848E-5
212,345.3734999999999,-20.04302777777778,0.0,4,4,0,0,0.94,0.0,0.0,"Simbad",345.3735,-20.0430278,212,666,2,SPLUS,SPLUS-s16s43,23:02:24,-20:14:34,345.6,-20.24277778,7.999999446428478E-5
217,353.17325,-13.209138888888889,0.0,4,4,0,0,1.093,0.0,0.0,"Simbad",353.17325,-13.2091389,217,666,1,SPLUS,SPLUS-s11s21,23:32:12,-13:31:50,353.05,-13.53055556,3.999999723204983E-5
218,353.76249999999993,-47.974611111111116,0.0,4,4,0,0,0.946,0.0,0.0,"Simbad",353.7625,-47.9746111,218,666,1,SPLUS,SPLUS-s37s58,23:36:00,-47:58:16,354.0,-47.97111111,4.000003730722684E-5
220,355.72324999999995,-13.058472222222223,0.0,4,3,0,0,0.741,0.0,0.0,"Simbad",355.72325,-13.0584722,220,666,1,SPLUS,SPLUS-s11s23,23:43:19,-13:31:50,355.8291667,-13.53055556,8.00000001898943E-5
225,358.76849999999996,-50.06286111111111,0.0,4,4,0,0,0.874,0.0,0.0,"Simbad",358.7685,-50.0628611,225,666,2,SPLUS,SPLUS-s39s57,23:51:35,-50:33:45,357.8958333,-50.5625,4.000001440773665E-5
226,359.85949999999997,-20.39311111111111,0.0,4,3,0,0,0.995,0.0,0.0,"Simbad",359.8595,-20.3931111,226,666,1,SPLUS,SPLUS-s16s01,0:00:04,-20:14:34,0.01666666667,-20.24277778,4.0000002957416846E-5
265,359.0346666666666,-17.239250000000002,0.0,5,5,0,0,0.99,0.0,0.0,"Simbad",359.0346667,-17.23925,265,666,2,SPLUS,SPLUS-s14s53,23:54:20,-17:33:44,358.5833333,-17.56222222,1.1460924038312345E-4
