Group,RA_1,Dec_1,zUV,nUV,ngal,nz,mz,r_theta_,Rij,sigmalos,Simbad,RA_2,DEC_2,NAME,STATUS,Separation
1,0.09554166666666665,-22.58711111111111,0.0,4,4,0,0,0.913,0.0,0.0,"Simbad",0.0955417,-22.5871111,1,666,1.1779500307982671E-4
5,3.537583333333333,-22.56413888888889,0.0,4,4,0,0,1.149,0.0,0.0,"Simbad",3.5375833,-22.5641389,5,666,1.1781237921344949E-4
6,4.443124999999999,-69.14861111111112,0.0,4,3,0,0,1.336,0.0,0.0,"Simbad",4.443125,-69.1486111,6,666,4.000006020703253E-5
19,12.861749999999997,-23.21563888888889,0.0,4,3,0,0,0.658,0.0,0.0,"Simbad",12.86175,-23.2156389,19,666,3.9999991507052786E-5
32,23.427541666666666,-69.32138888888889,0.0,4,3,0,0,1.016,0.0,0.0,"Simbad",23.4275417,-69.3213889,32,666,5.827215679342119E-5
41,33.67916666666667,-41.64208333333333,0.0,4,3,0,0,1.174,0.0,0.0,"Simbad",33.6791667,-41.6420833,41,666,1.4980654850547216E-4
49,46.55779166666667,-42.66788888888889,0.0,4,3,0,0,0.944,0.0,0.0,"Simbad",46.5577917,-42.6678889,49,666,9.687866267657968E-5
50,47.150375,-47.27441666666667,0.0,4,3,0,0,0.767,0.0,0.0,"Simbad",47.150375,-47.2744167,50,666,1.1999999742114791E-4
51,47.54816666666666,-35.01594444444444,0.0,4,3,0,0,1.039,0.0,0.0,"Simbad",47.5481667,-35.0159444,51,666,1.8777322083587776E-4
52,50.09766666666666,-40.19316666666666,0.0,4,3,0,0,1.338,0.0,0.0,"Simbad",50.0976667,-40.1931667,52,666,1.510047367417055E-4
53,51.63520833333333,-42.82991666666667,0.0,4,3,0,0,0.969,0.0,0.0,"Simbad",51.6352083,-42.8299167,53,666,1.488115369596078E-4
55,53.26412499999999,-47.663583333333335,0.0,4,3,0,0,0.618,0.0,0.0,"Simbad",53.264125,-47.6635833,55,666,1.1999999742114889E-4
57,53.806416666666664,-33.47647222222223,0.0,4,4,0,0,1.343,0.0,0.0,"Simbad",53.8064167,-33.4764722,57,666,1.2813550171874387E-4
58,54.538166666666655,-47.39761111111111,0.0,4,4,0,0,0.927,0.0,0.0,"Simbad",54.5381667,-47.3976111,58,666,9.054346676786898E-5
59,55.135458333333325,-48.63055555555555,0.0,4,3,0,0,0.674,0.0,0.0,"Simbad",55.1354583,-48.6305556,59,666,1.7857766110824917E-4
62,57.732375,-38.070083333333336,0.0,4,3,0,0,1.431,0.0,0.0,"Simbad",57.732375,-38.0700833,62,666,1.1999999742114791E-4
68,73.36316666666664,-36.25338888888889,0.0,4,4,0,0,1.046,0.0,0.0,"Simbad",73.3631667,-36.2533889,68,666,1.0471042772163015E-4
187,314.67074999999994,-48.55738888888889,0.0,4,3,0,0,0.953,0.0,0.0,"Simbad",314.67075,-48.5573889,187,666,4.000001440722889E-5
191,322.31275,-31.028499999999998,0.0,4,4,0,0,0.8,0.0,0.0,"Simbad",322.31275,-31.0285,191,666,0.0
211,343.97124999999994,-55.60861111111111,0.0,4,3,0,0,1.289,0.0,0.0,"Simbad",343.97125,-55.6086111,211,666,4.000001440717896E-5
221,355.90124999999995,-22.454,0.0,4,3,0,0,1.153,0.0,0.0,"Simbad",355.90125,-22.454,221,666,1.6931091526365164E-10
228,6.347083333333333,-21.64752777777778,0.0,5,5,0,0,1.384,0.0,0.0,"Simbad",6.3470833,-21.6475278,228,666,1.3726029483330843E-4
234,66.41516666666666,-64.4605,0.0,5,4,0,0,1.159,0.0,0.0,"Simbad",66.4151667,-64.4605,234,666,5.1735987845332564E-5
236,69.29391666666666,-46.68883333333333,0.0,5,4,0,0,1.276,0.0,0.0,"Simbad",69.2939167,-46.6888333,236,666,1.4551905188796974E-4
264,349.18324999999993,-41.65558333333333,0.0,5,4,0,0,1.304,0.0,0.0,"Simbad",349.18325,-41.6555833,264,666,1.1999997452123227E-4
267,24.808041666666664,-74.42291666666667,0.0,6,3,0,0,1.023,0.0,0.0,"Simbad",24.8080417,-74.4229167,267,666,1.2425133886075586E-4
268,38.57462499999999,-73.72011111111111,0.0,6,3,0,0,1.339,0.0,0.0,"Simbad",38.574625,-73.7201111,268,666,4.000001440704563E-5
270,61.545749999999984,-36.93008333333333,0.0,6,4,0,0,0.995,0.0,0.0,"Simbad",61.54575,-36.9300833,270,666,1.1999997452115979E-4
277,31.262583333333335,-74.86388888888888,0.0,7,3,0,0,1.597,0.0,0.0,"Simbad",31.2625833,-74.8638889,277,666,5.081138436424623E-5
