Group,RA_1,Dec_1,zUV,nUV,ngal,nz,mz,r_theta_,Rij,sigmalos,Simbad,RA_2,DEC_2,NAME,STATUS,Separation
8,4.6624583333333325,-35.95266666666667,0.012953,4,4,2,2,0.888,0.0,0.0,"Simbad",4.6624583,-35.9526667,8,666,1.5438985302607185E-4
11,7.809291666666667,-25.495444444444445,0.09295,4,4,2,2,1.091,0.0,0.0,"Simbad",7.8092917,-25.4954444,11,666,1.9321489922152782E-4
15,9.481541666666665,-25.071555555555555,0.063567,4,3,3,2,1.152,0.0,0.0,"Simbad",9.4815417,-25.0715556,15,666,1.934277142960761E-4
20,13.045166666666665,-1.117138888888889,0.0413,4,4,3,2,0.596,0.0,0.0,"Simbad",13.0451667,-1.1171389,20,666,1.264694710927648E-4
22,14.40545833333333,-35.757194444444444,0.1259,4,4,1,1,0.948,0.0,0.0,"Simbad",14.4054583,-35.7571944,22,666,1.8730423056322664E-4
23,15.571458333333332,-17.20138888888889,0.067744,4,3,1,1,1.375,0.0,0.0,"Simbad",15.5714583,-17.2013889,23,666,1.2141095354585701E-4
26,16.825166666666664,-32.83475,0.035194,4,4,4,1,1.033,0.0,0.0,"Simbad",16.8251667,-32.83475,26,666,1.0082855567586668E-4
28,20.266541666666665,-32.05294444444444,0.0723,4,4,4,3,1.253,117.23,66.07,"Simbad",20.2665417,-32.0529444,28,666,1.8958983401207432E-4
29,20.413208333333333,-38.07855555555556,0.11502,4,4,2,2,1.364,0.0,0.0,"Simbad",20.4132083,-38.0785556,29,666,1.8580277307866886E-4
34,24.62470833333333,-40.013083333333334,0.025227,4,3,2,1,1.281,0.0,0.0,"Simbad",24.6247083,-40.0130833,34,666,1.5115232685584867E-4
36,26.900666666666663,-30.25825,0.0428,4,4,3,3,0.734,73.47,50.96,"Simbad",26.9006667,-30.25825,36,666,1.036515725131722E-4
39,29.668124999999996,-33.75738888888889,0.062604,4,4,2,1,0.966,0.0,0.0,"Simbad",29.668125,-33.7573889,39,666,3.999999150705594E-5
40,30.96266666666666,-31.151666666666664,0.0289,4,4,2,1,0.798,0.0,0.0,"Simbad",30.9626667,-31.1516667,40,666,1.579445940830255E-4
47,43.45091666666666,-41.969722222222224,0.069815,4,4,1,1,0.909,0.0,0.0,"Simbad",43.4509167,-41.9697222,47,666,1.198339649102029E-4
48,45.04483333333333,-36.36186111111111,0.09375,4,3,2,2,0.819,0.0,0.0,"Simbad",45.0448333,-36.3618611,48,666,1.0458610566974421E-4
54,52.95416666666666,-39.62277777777778,0.10668,4,3,1,1,0.894,0.0,0.0,"Simbad",52.9541667,-39.6227778,54,666,1.222437272701298E-4
56,53.44062499999999,-30.31488888888889,0.1064,4,4,3,2,0.884,0.0,0.0,"Simbad",53.440625,-30.3148889,56,666,3.999999150705628E-5
60,55.61820833333333,-41.154916666666665,0.004923,4,3,1,1,0.793,0.0,0.0,"Simbad",55.6182083,-41.1549167,60,666,1.5021142393314638E-4
72,97.20958333333331,-69.69472222222223,0.03368,4,4,1,1,1.096,0.0,0.0,"Simbad",97.2095833,-69.6947222,72,666,9.018927021382266E-5
93,161.79749999999999,-2.3365833333333335,0.036855,4,3,3,2,1.3,0.0,0.0,"Simbad",161.7975,-2.3365833,93,666,1.2000000028368202E-4
149,210.45304166666665,-3.1814444444444443,0.067788,4,4,3,3,1.519,198.36,42.47,"Simbad",210.4530417,-3.1814444,149,666,1.9988913892332358E-4
186,314.48474999999996,-24.964416666666665,0.094365,4,3,1,1,1.032,0.0,0.0,"Simbad",314.48475,-24.9644167,186,666,1.200000088712597E-4
189,319.35249999999996,-35.916555555555554,0.029797,4,4,1,1,0.789,0.0,0.0,"Simbad",319.3525,-35.9165556,189,666,1.6000001182846818E-4
190,319.51275,-50.75219444444444,0.073594,4,3,1,1,1.123,0.0,0.0,"Simbad",319.51275,-50.7521944,190,666,1.599999889281993E-4
194,330.18974999999995,-42.82105555555556,0.067693,4,4,1,1,0.902,0.0,0.0,"Simbad",330.18975,-42.8210556,194,666,1.5999998892825574E-4
198,334.5145,-25.68588888888889,0.009126,4,4,4,1,1.362,0.0,0.0,"Simbad",334.5145,-25.6858889,198,666,3.9999991507051404E-5
199,334.67124999999993,-24.179194444444445,0.0332,4,4,3,2,1.201,0.0,0.0,"Simbad",334.67125,-24.1791944,199,666,1.6000000037828346E-4
202,336.3725,-27.70336111111111,0.0509,4,4,3,2,0.719,0.0,0.0,"Simbad",336.3725,-27.7033611,202,666,4.000000295704826E-5
204,338.08475,-25.439166666666665,0.0363,4,4,3,1,1.469,0.0,0.0,"Simbad",338.08475,-25.4391667,204,666,1.2000000887114476E-4
208,340.79824999999994,-34.631972222222224,0.069,4,4,3,3,1.328,109.95,165.69,"Simbad",340.79825,-34.6319722,208,666,8.000000591466457E-5
209,343.21349999999995,-24.96858333333333,0.0744,4,3,3,2,1.358,0.0,0.0,"Simbad",343.2135,-24.9685833,209,666,1.1999999742126284E-4
215,352.37474999999995,-32.432805555555554,0.12445,4,4,4,4,1.245,186.45,196.9,"Simbad",352.37475,-32.4328056,215,666,1.6000001182826773E-4
216,352.54599999999994,-44.192055555555555,0.100413,4,3,1,1,1.032,0.0,0.0,"Simbad",352.546,-44.1920556,216,666,1.6000001182824695E-4
222,356.09299999999996,-26.032638888888886,0.065076,4,4,4,3,1.204,103.08,124.39,"Simbad",356.093,-26.0326389,222,666,4.000000295738698E-5
230,27.481874999999995,-27.81825,0.088395,5,4,3,2,0.838,0.0,0.0,"Simbad",27.481875,-27.81825,230,666,1.0126747918285986E-11
235,66.74091666666666,-49.119416666666666,0.05828,5,5,1,1,0.953,0.0,0.0,"Simbad",66.7409167,-49.1194167,235,666,1.4341632046657615E-4
237,71.50858333333332,-62.40413888888889,0.026321,5,3,1,1,1.569,0.0,0.0,"Simbad",71.5085833,-62.4041389,237,666,6.848364185283918E-5
269,50.254374999999996,-33.90475,0.070421,6,5,4,3,1.144,179.78,224.71,"Simbad",50.254375,-33.90475,269,666,3.801243434203232E-11
271,72.38737499999999,-73.06925,0.027543,6,3,2,2,1.263,0.0,0.0,"Simbad",72.387375,-73.06925,271,666,1.3337673690228325E-11
