Group,RA,Dec,zUV,nUV,ngal,nz,mz,r_theta_,Rij,sigmalos,Simbad,RA_obj,DEC_obj,NAME_obj,STATUS_1,PRIORITY,PID,NAME_tile,RA_tile,DEC_tile,RA_d_tile,DEC_d_tile,Separation
3,2.8417916666666665,-53.955444444444446,0.041719,4,3,1,1,1.249,0.0,0.0,"Simbad",2.8417917,-53.9554444,3,666,0,SPLUS,SPLUS-s42s02,0:09:10,-54:25:34,2.291666667,-54.42611111,1.7488777573863938E-4
7,4.619958333333332,-42.12755555555555,0.093258,4,3,1,1,0.891,0.0,0.0,"Simbad",4.6199583,-42.1275556,7,666,1,SPLUS,SPLUS-s32s04,0:21:30,-41:26:57,5.375,-41.44916667,1.8308664083526298E-4
10,5.669999999999998,-20.577166666666667,0.051799,4,3,1,1,1.041,0.0,0.0,"Simbad",5.67,-20.5771667,10,666,2,SPLUS,SPLUS-s16s05,0:23:02,-20:14:34,5.758333333,-20.24277778,1.1999999742114818E-4
18,12.294916666666664,-18.295194444444448,0.159397,4,3,1,1,1.461,0.0,0.0,"Simbad",12.2949167,-18.2951944,18,666,0,SPLUS,SPLUS-s15s10,0:51:26,-18:54:11,12.85833333,-18.90305556,1.9642049676371149E-4
24,16.088916666666663,-51.01983333333333,0.062667,4,4,3,1,1.018,0.0,0.0,"Simbad",16.0889167,-51.0198333,24,666,2,SPLUS,SPLUS-s39s09,1:07:22,-50:33:45,16.84166667,-50.5625,1.4176798185539397E-4
35,25.568916666666663,-54.43241666666666,0.060688,4,3,2,2,1.011,0.0,0.0,"Simbad",25.5689167,-54.4324167,35,666,1,SPLUS,SPLUS-s42s12,1:40:54,-54:25:34,25.225,-54.42611111,1.388235626143886E-4
97,167.52374999999995,-1.01125,0.109176,4,3,2,2,0.834,0.0,0.0,"Simbad",167.52375,-1.01125,97,666,2,SPLUS,SPLUS-n02s13,11:08:23,-1:21:33,167.0958333,-1.359166667,1.8317141609723654E-10
101,169.92041666666663,-6.509,0.06271,4,4,1,1,0.9,0.0,0.0,"Simbad",169.9204167,-6.509,101,666,1,SPLUS,SPLUS-n06s16,11:21:49,-6:46:57,170.4541667,-6.7825,1.1922666683679176E-4
192,326.16949999999997,-20.070888888888888,0.034502,4,3,1,1,1.044,0.0,0.0,"Simbad",326.1695,-20.0708889,192,666,1,SPLUS,SPLUS-s16s30,21:47:31,-20:14:34,326.8791667,-20.24277778,4.000000295741837E-5
195,330.62375,-22.894333333333332,0.070804,4,4,2,2,1.072,0.0,0.0,"Simbad",330.62375,-22.8943333,195,666,1,SPLUS,SPLUS-s18s32,22:02:56,-22:55:02,330.7333333,-22.91722222,1.1999999742114791E-4
196,332.13199999999995,-57.28883333333333,0.0342,4,3,1,1,0.714,0.0,0.0,"Simbad",332.132,-57.2888333,196,666,1,SPLUS,SPLUS-s44s39,22:12:15,-56:59:06,333.0625,-56.985,1.1999997452119505E-4
207,340.13449999999995,-38.36875,0.101173,4,3,1,1,1.177,0.0,0.0,"Simbad",340.1345,-38.36875,207,666,2,SPLUS,SPLUS-s30s59,22:37:19,-38:49:26,339.3291667,-38.82388889,1.4363464569807383E-10
210,343.5444999999999,-18.15711111111111,0.0323,4,3,1,1,1.231,0.0,0.0,"Simbad",343.5445,-18.1571111,210,666,0,SPLUS,SPLUS-s14s42,22:51:58,-17:33:44,342.9916667,-17.56222222,3.9999991508566556E-5
213,347.44599999999997,-48.567888888888895,0.078681,4,4,1,1,0.858,0.0,0.0,"Simbad",347.446,-48.5678889,213,666,1,SPLUS,SPLUS-s37s55,23:12:00,-47:58:16,348.0,-47.97111111,3.999999150723511E-5
214,351.91499999999996,-47.04783333333333,0.050175,4,3,1,1,1.019,0.0,0.0,"Simbad",351.915,-47.0478333,214,666,1,SPLUS,SPLUS-s36s59,23:28:42,-46:40:19,352.175,-46.67194444,1.1999999742121283E-4
219,354.88474999999994,-38.66983333333333,0.151401,4,4,1,1,0.737,0.0,0.0,"Simbad",354.88475,-38.6698333,219,666,1,SPLUS,SPLUS-s30s68,23:39:20,-38:49:26,354.8333333,-38.82388889,1.1999999742123316E-4
223,357.52849999999995,-47.17213888888889,0.004003,4,4,2,1,1.429,0.0,0.0,"Simbad",357.5285,-47.1721389,223,666,1,SPLUS,SPLUS-s36s62,23:52:10,-46:40:19,358.0416667,-46.67194444,3.999999150724528E-5
227,4.252291666666666,-51.06086111111111,0.055448,5,5,1,1,1.444,0.0,0.0,"Simbad",4.2522917,-51.0608611,227,666,0,SPLUS,SPLUS-s39s03,0:16:51,-50:33:45,4.2125,-50.5625,8.537024415145043E-5
262,321.98474999999996,-46.64275,0.046689,5,5,1,1,0.979,0.0,0.0,"Simbad",321.98475,-46.64275,262,666,1,SPLUS,SPLUS-s36s44,21:31:18,-46:40:19,322.825,-46.67194444,1.25775046387271E-10
263,323.8472499999999,-49.934749999999994,0.054924,5,3,2,2,0.87,0.0,0.0,"Simbad",323.84725,-49.93475,263,666,1,SPLUS,SPLUS-s39s41,21:36:51,-50:33:45,324.2125,-50.5625,1.2012143693895357E-10
276,328.86929166666664,-20.86288888888889,0.066913,6,5,1,1,1.335,0.0,0.0,"Simbad",328.8692917,-20.8628889,276,666,0,SPLUS,SPLUS-s16s31,21:53:17,-20:14:34,328.3208333,-20.24277778,1.1905325511644399E-4
