RA	DEC
332.132	-57.2888333
23.1335417	-54.6343611
25.5689167	-54.4324167
2.8417917	-53.9554444
16.0889167	-51.0198333
4.2522917	-51.0608611
358.7685	-50.0628611
323.84725	-49.93475
347.446	-48.5678889
339.958	-47.4905278
351.915	-47.0478333
353.7625	-47.9746111
357.5285	-47.1721389
321.98475	-46.64275
12.2406667	-45.7701944
4.6199583	-42.1275556
3.3276667	-41.5796389
340.1345	-38.36875
354.88475	-38.6698333
330.62375	-22.8943333
5.67	-20.5771667
326.1695	-20.0708889
345.3735	-20.0430278
359.8595	-20.3931111
328.8692917	-20.8628889
12.2949167	-18.2951944
343.5445	-18.1571111
359.0346667	-17.23925
353.17325	-13.2091389
355.72325	-13.0584722
336.5065	-11.1270556
169.9204167	-6.509
23.9123333	-2.0943333
167.52375	-1.01125

